2457448.5881693326 0.0000000000
2457448.5888664611 0.0000000000
2457448.5895707817 0.0000000000
2457448.5902682114 0.0000000000
2457448.5909622582 0.0000000000
2457448.5916478448 0.0000000000
2457448.5923649189 0.0000000000
2457448.5930301012 0.0000000000
2457448.5937267416 0.0000000000
2457448.5944387303 0.0000000000
2457448.5951238223 0.0000000000
2457448.5958106369 0.0000000000
2457448.5965090082 0.0000000000
2457448.5972148757 0.0000000000
2457448.5978618157 0.0000000000
2457448.5986003089 0.0000000000
2457448.5992835620 0.0000000000
2457448.5999824703 0.0000000000
2457448.6007252033 0.0000000000
2457448.6013789158 0.0000000000
2457448.6020660247 0.0000000000
2457448.6027556467 0.0000000000
2457448.6034527491 0.0000000000
2457448.6041522860 0.0000000000
2457448.6048529320 0.0000000000
2457448.6055465275 0.0000000000
2457448.6062308205 0.0000000000
2457448.6069207904 0.0000000000
2457448.6076205126 0.0000000000
2457448.6083215545 0.0000000000
2457448.6090273601 0.0000000000
2457448.6097090114 0.0000000000
2457448.6103942143 0.0000000000
2457448.6110910326 0.0000000000
2457448.6117926398 0.0000000000
2457448.6124918088 0.0000000000
2457448.6131776087 0.0000000000
2457448.6138647818 0.0000000000
2457448.6145647927 0.0000000000
2457448.6152634858 0.0000000000
2457448.6159672411 0.0000000000
2457448.6166511280 0.0000000000
2457448.6173292068 0.0000000000
2457448.6180386227 0.0000000000
2457448.6187347844 0.0000000000
2457448.6194349010 0.0000000000
2457448.6201326516 0.0000000000
2457448.6208178517 0.0000000000
2457448.6215066551 0.0000000000
2457448.6222042600 0.0000000000
2457448.6229038620 0.0000000000
2457448.6236027600 0.0000000000
2457448.6242909976 0.0000000000
2457448.6249776389 0.0000000000
2457448.6256780182 0.0000000000
2457448.6263766899 0.0000000000
2457448.6270719646 0.0000000000
2457448.6277613062 0.0000000000
2457448.6284476165 0.0000000000
2457448.6291472213 0.0000000000
2457448.6298468383 0.0000000000
2457448.6305474639 0.0000000000
2457448.6312370608 0.0000000000
2457448.6319226041 0.0000000000
2457448.6326174242 0.0000000000
2457448.6333173639 0.0000000000
2457448.6340168873 0.0000000000
2457448.6347135077 0.0000000000
2457448.6354033710 0.0000000000
2457448.6360882330 0.0000000000
2457448.6367871719 0.0000000000
2457448.6374865039 0.0000000000
2457448.6381870215 0.0000000000
2457448.6388798831 0.0000000000
2457448.6395759080 0.0000000000
2457448.6402585488 0.0000000000
2457448.6409575460 0.0000000000
2457448.6416561007 0.0000000000
2457448.6423437670 0.0000000000
2457448.6430312241 0.0000000000
2457448.6437306409 0.0000000000
2457448.6444309000 0.0000000000
2457448.6451295293 0.0000000000
2457448.6458192687 0.0000000000
2457448.6465084520 0.0000000000
2457448.6472012727 0.0000000000
2457448.6478988063 0.0000000000
2457448.6485980065 0.0000000000
2457448.6493000849 0.0000000000
2457448.6499892124 0.0000000000
2457448.6506740814 0.0000000000
2457448.6513738520 0.0000000000
2457448.6520707360 0.0000000000
2457448.6527700941 0.0000000000
2457448.6534553431 0.0000000000
2457448.6541428696 0.0000000000
2457448.6548413085 0.0000000000
2457448.6555437082 0.0000000000
2457448.6562409569 0.0000000000
2457448.6569229141 0.0000000000
2457448.6576117771 0.0000000000
2457448.6583119151 0.0000000000
2457448.6590130199 0.0000000000
2457448.6597134429 0.0000000000
2457448.6604064852 0.0000000000
2457448.6610934818 0.0000000000
2457448.6617821692 0.0000000000
2457448.6624816954 0.0000000000
2457448.6631812584 0.0000000000
2457448.6638826383 0.0000000000
2457448.6645703651 0.0000000000
2457448.6652559657 0.0000000000
2457448.6659551105 0.0000000000
2457448.6666532611 0.0000000000
2457448.6673535770 0.0000000000
2457448.6680393461 0.0000000000
2457448.6687278808 0.0000000000
2457448.6694267797 0.0000000000
2457448.6701257462 0.0000000000
2457448.6708242958 0.0000000000
2457448.6715047639 0.0000000000
2457448.6722013582 0.0000000000
2457448.6728955549 0.0000000000
2457448.6735954816 0.0000000000
2457448.6742945681 0.0000000000
2457448.6749915923 0.0000000000
2457448.6756759784 0.0000000000
2457448.6763690361 0.0000000000
2457448.6770681185 0.0000000000
2457448.6777593088 0.0000000000
2457448.6784648364 0.0000000000
2457448.6791502577 0.0000000000
2457448.6798383151 0.0000000000
2457448.6805384350 0.0000000000
2457448.6812389209 0.0000000000
2457448.6819374040 0.0000000000
2457448.6826253277 0.0000000000
2457448.6833105851 0.0000000000
2457448.6840091483 0.0000000000
2457448.6847086442 0.0000000000
2457448.6854072176 0.0000000000
2457448.6860968540 0.0000000000
2457448.6867824737 0.0000000000
2457448.6874775453 0.0000000000
2457448.6881788829 0.0000000000
2457448.6888777013 0.0000000000
2457448.6895746840 0.0000000000
2457448.6902627130 0.0000000000
2457448.6909517255 0.0000000000
2457448.6916581513 0.0000000000
2457448.6923498823 0.0000000000
2457448.6930485009 0.0000000000
2457448.6937348908 0.0000000000
2457448.6944227661 0.0000000000
2457448.6951217861 0.0000000000
2457448.6958217011 0.0000000000
2457448.6965181292 0.0000000000
2457448.6972057004 0.0000000000
2457448.6978929318 0.0000000000
2457448.6985910847 0.0000000000
2457448.6992923017 0.0000000000
2457448.6999915084 0.0000000000
2457448.7006817008 0.0000000000
2457448.7013675799 0.0000000000
2457448.7020646008 0.0000000000
2457448.7027619570 0.0000000000
2457448.7034607232 0.0000000000
2457448.7041590423 0.0000000000
2457448.7048460958 0.0000000000
2457448.7055360302 0.0000000000
2457448.7062348961 0.0000000000
2457448.7069324199 0.0000000000
2457448.7076287800 0.0000000000
2457448.7083167043 0.0000000000
2457448.7090033297 0.0000000000
2457448.7097039460 0.0000000000
2457448.7104087458 0.0000000000
2457448.7111048307 0.0000000000
2457448.7117908890 0.0000000000
2457448.7124735364 0.0000000000
2457448.7131729289 0.0000000000
2457448.7138726474 0.0000000000
2457448.7145739808 0.0000000000
2457448.7152650184 0.0000000000
2457448.7159521976 0.0000000000
2457448.7166466019 0.0000000000
2457448.7173429742 0.0000000000
2457448.7180427304 0.0000000000
2457448.7187370514 0.0000000000
2457448.7194306361 0.0000000000
2457448.7201187043 0.0000000000
2457448.7208171333 0.0000000000
2457448.7215158930 0.0000000000
2457448.7222134210 0.0000000000
2457448.7229008158 0.0000000000
2457448.7235866659 0.0000000000
2457448.7242863281 0.0000000000
2457448.7249860857 0.0000000000
2457448.7256873329 0.0000000000
2457448.7263735523 0.0000000000
2457448.7270605504 0.0000000000
2457448.7277597077 0.0000000000
2457448.7284563980 0.0000000000
2457448.7291562171 0.0000000000
2457448.7298477641 0.0000000000
2457448.7305378155 0.0000000000
2457448.7312295367 0.0000000000
2457448.7319283704 0.0000000000
2457448.7326254579 0.0000000000
2457448.7333260700 0.0000000000
2457448.7340149367 0.0000000000
2457448.7346997554 0.0000000000
2457448.7353994558 0.0000000000
2457448.7360991491 0.0000000000
2457448.7368001761 0.0000000000
2457448.7374860598 0.0000000000
2457448.7381715751 0.0000000000
2457448.7388717192 0.0000000000
2457448.7395697469 0.0000000000
2457448.7402695185 0.0000000000
2457448.7409535730 0.0000000000
2457448.7416426940 0.0000000000
2457448.7423403845 0.0000000000
2457448.7430389826 0.0000000000
2457448.7437400124 0.0000000000
2457448.7444345332 0.0000000000
2457448.7451238856 0.0000000000
2457448.7458132724 0.0000000000
2457448.7465130845 0.0000000000
2457448.7472096700 0.0000000000
2457448.7479085987 0.0000000000
2457448.7485959167 0.0000000000
2457448.7492818842 0.0000000000
2457448.7499804613 0.0000000000
2457448.7506829351 0.0000000000
2457448.7513824198 0.0000000000
2457448.7520676232 0.0000000000
2457448.7527538603 0.0000000000
2457448.7534511690 0.0000000000
2457448.7541522933 0.0000000000
2457448.7548519983 0.0000000000
2457448.7555407770 0.0000000000
2457448.7562297345 0.0000000000
2457448.7569262097 0.0000000000
2457448.7576256329 0.0000000000
2457448.7583226897 0.0000000000
2457448.7590180361 0.0000000000
2457448.7597070565 0.0000000000
2457448.7603950980 0.0000000000
2457448.7610963839 0.0000000000
2457448.7617937019 0.0000000000
2457448.7624915754 0.0000000000
2457448.7631762195 0.0000000000
2457448.7638642942 0.0000000000
2457448.7645642259 0.0000000000
2457448.7652646839 0.0000000000
2457448.7659635246 0.0000000000
2457448.7666508653 0.0000000000
2457448.7673372761 0.0000000000
2457448.7680346617 0.0000000000
2457448.7687344681 0.0000000000
2457448.7694334704 0.0000000000
2457448.7701256550 0.0000000000
2457448.7708134120 0.0000000000
2457448.7715085167 0.0000000000
2457448.7722073724 0.0000000000
2457448.7729043337 0.0000000000
2457448.7736040023 0.0000000000
2457448.7742900243 0.0000000000
2457448.7749777967 0.0000000000
2457448.7756776689 0.0000000000
2457448.7763785124 0.0000000000
2457448.7770766960 0.0000000000
2457448.7777663474 0.0000000000
2457448.7784495056 0.0000000000
2457448.7791480613 0.0000000000
2457448.7798494496 0.0000000000
2457448.7805485791 0.0000000000
2457448.7812338751 0.0000000000
2457448.7819214663 0.0000000000
2457448.7826215089 0.0000000000
2457448.7833204702 0.0000000000
2457448.7840178795 0.0000000000
2457448.7847091584 0.0000000000
2457448.7853978118 0.0000000000
2457448.7860913202 0.0000000000
2457448.7867896655 0.0000000000
2457448.7874913779 0.0000000000
2457448.7881901683 0.0000000000
2457448.7888744557 0.0000000000
2457448.7895618933 0.0000000000
2457448.7902610856 0.0000000000
2457448.7909609573 0.0000000000
2457448.7916593808 0.0000000000
2457448.7923477376 0.0000000000
2457448.7930319342 0.0000000000
2457448.7937301490 0.0000000000
2457448.7944316762 0.0000000000
2457448.7951307641 0.0000000000
2457448.7958190860 0.0000000000
2457448.7965043229 0.0000000000
2457448.7972038616 0.0000000000
2457448.7979011061 0.0000000000
2457448.7985997349 0.0000000000
2457448.7992933118 0.0000000000
2457448.7999808253 0.0000000000
2457448.8006755738 0.0000000000
2457448.8013740918 0.0000000000
2457448.8020717860 0.0000000000
2457448.8027679855 0.0000000000
2457448.8034565658 0.0000000000
2457448.8041430358 0.0000000000
2457448.8048430602 0.0000000000
2457448.8055423689 0.0000000000
2457448.8062405386 0.0000000000
2457448.8069277885 0.0000000000
2457448.8076126981 0.0000000000
2457448.8083121441 0.0000000000
2457448.8090134016 0.0000000000
2457448.8097132128 0.0000000000
2457448.8103993009 0.0000000000
2457448.8110864121 0.0000000000
2457448.8117858563 0.0000000000
2457448.8124847044 0.0000000000
2457448.8131842525 0.0000000000
2457448.8138760803 0.0000000000
2457448.8145645931 0.0000000000
2457448.8152557057 0.0000000000
2457448.8159565777 0.0000000000
2457448.8166549504 0.0000000000
2457448.8173525217 0.0000000000
2457448.8180402773 0.0000000000
2457448.8187259305 0.0000000000
2457448.8194258320 0.0000000000
2457448.8201251416 0.0000000000
2457448.8208259623 0.0000000000
2457448.8215110227 0.0000000000
2457448.8221981502 0.0000000000
2457448.8228990138 0.0000000000
2457448.8235955411 0.0000000000
2457448.8243018896 0.0000000000
2457448.8249822701 0.0000000000
2457448.8256721660 0.0000000000
2457448.8263689810 0.0000000000
2457448.8270677361 0.0000000000
2457448.8277644850 0.0000000000
2457448.8284629611 0.0000000000
2457448.8291519820 0.0000000000
2457448.8298390456 0.0000000000
2457448.8305386659 0.0000000000
2457448.8312380649 0.0000000000
2457448.8319390882 0.0000000000
2457448.8326277998 0.0000000000
2457448.8333105617 0.0000000000
2457448.8340101279 0.0000000000
2457448.8347087298 0.0000000000
2457448.8354086583 0.0000000000
2457448.8360939068 0.0000000000
2457448.8367818943 0.0000000000
2457448.8374819905 0.0000000000
2457448.8381801844 0.0000000000
2457448.8388789729 0.0000000000
2457448.8395691081 0.0000000000
2457448.8402583958 0.0000000000
2457448.8409524616 0.0000000000
2457448.8416517642 0.0000000000
2457448.8423507786 0.0000000000
2457448.8430505218 0.0000000000
2457448.8437354118 0.0000000000
2457448.8444210673 0.0000000000
2457448.8451229855 0.0000000000
2457448.8458220055 0.0000000000
2457448.8465216961 0.0000000000
2457448.8472070419 0.0000000000
2457448.8478949787 0.0000000000
2457448.8485926911 0.0000000000
2457448.8492916524 0.0000000000
2457448.8499908899 0.0000000000
2457448.8506779047 0.0000000000
2457448.8513670759 0.0000000000
2457448.8520653853 0.0000000000
2457448.8527647438 -0.0000110021
2457448.8534616390 -0.0000740503
2457448.8541534501 -0.0001437156
2457448.8548413850 -0.0001731733
2457448.8555344455 -0.0001757880
2457448.8562355968 -0.0001778304
2457448.8569352967 -0.0001795251
2457448.8576330584 -0.0001809837
2457448.8583156685 -0.0001822448
2457448.8590035257 -0.0001833859
2457448.8597033327 -0.0001844387
2457448.8604039573 -0.0001854019
2457448.8611029941 -0.0001862863
2457448.8617902831 -0.0001870915
2457448.8624763517 -0.0001878398
2457448.8631737670 -0.0001885501
2457448.8638737160 -0.0001892178
2457448.8645708617 -0.0001898422
2457448.8652600693 -0.0001904237
2457448.8659476745 -0.0001909714
2457448.8666474759 -0.0001914986
2457448.8673464493 -0.0001919972
2457448.8680433417 -0.0001924686
2457448.8687383183 -0.0001929152
2457448.8694243045 -0.0001933345
2457448.8701167251 -0.0001937377
2457448.8708167141 -0.0001941262
2457448.8715172689 -0.0001944970
2457448.8722162670 -0.0001948501
2457448.8729048911 -0.0001951825
2457448.8735887990 -0.0001954983
2457448.8742871443 -0.0001958070
2457448.8749868730 -0.0001961031
2457448.8756811377 -0.0001963844
2457448.8763734638 -0.0001966533
2457448.8770608185 -0.0001969094
2457448.8777607302 -0.0001971595
2457448.8784595830 -0.0001973991
2457448.8791545648 -0.0001976278
2457448.8798444481 -0.0001978459
2457448.8805321567 -0.0001980547
2457448.8812294933 -0.0001982582
2457448.8819290958 -0.0001984544
2457448.8826306239 -0.0001986435
2457448.8833244410 -0.0001988232
2457448.8840088923 -0.0001989938
2457448.8847011137 -0.0001991598
2457448.8854000638 -0.0001993210
2457448.8861001413 -0.0001994763
2457448.8867988656 -0.0001996254
2457448.8874865221 -0.0001997665
2457448.8881711601 -0.0001999019
2457448.8888692898 -0.0002000347
2457448.8895699740 -0.0002001630
2457448.8902651919 -0.0002002854
2457448.8909583720 -0.0002004029
2457448.8916431926 -0.0002005146
2457448.8923425409 -0.0002006244
2457448.8930410929 -0.0002007300
2457448.8937397515 -0.0002008315
2457448.8944286727 -0.0002009278
2457448.8951156083 -0.0002010201
2457448.8958127811 -0.0002011103
2457448.8965124143 -0.0002011973
2457448.8972114683 -0.0002012809
2457448.8979059067 -0.0002013606
2457448.8985942360 -0.0002014366
2457448.8992839688 -0.0002015098
2457448.8999828827 -0.0002015810
2457448.9006823949 -0.0002016493
2457448.9013816654 -0.0002017149
2457448.9020703244 -0.0002017768
2457448.9027553140 -0.0002018359
2457448.9034542013 -0.0002018937
2457448.9041527067 -0.0002019489
2457448.9048529309 -0.0002020019
2457448.9055398740 -0.0002020517
2457448.9062264301 -0.0002020992
2457448.9069259660 -0.0002021454
2457448.9076230330 -0.0002021894
2457448.9083219520 -0.0002022313
2457448.9090115963 -0.0002022708
2457448.9096998968 -0.0002023082
2457448.9104162985 -0.0002023451
2457448.9110959838 -0.0002023783
2457448.9117954238 -0.0002024107
2457448.9124926515 -0.0002024411
2457448.9131831061 -0.0002024695
2457448.9138661167 -0.0002024959
2457448.9145656256 -0.0002025213
2457448.9152661758 -0.0002025450
2457448.9159659189 -0.0002025671
2457448.9166546860 -0.0002025872
2457448.9173395690 -0.0002026057
2457448.9180388888 -0.0002026231
2457448.9187355232 -0.0002026388
2457448.9194328398 -0.0002026530
2457448.9201193205 -0.0002026655
2457448.9208070226 -0.0002026766
2457448.9215099020 -0.0002026865
2457448.9222068023 -0.0002026948
2457448.9229090433 -0.0002027017
2457448.9235981968 -0.0002027071
2457448.9242845573 -0.0002027110
2457448.9249787689 -0.0002027136
2457448.9256793098 -0.0002027148
2457448.9263783847 -0.0002027145
2457448.9270790308 -0.0002027128
2457448.9277657992 -0.0002027097
2457448.9284481639 -0.0002027053
2457448.9291496468 -0.0002026993
2457448.9298488502 -0.0002026919
2457448.9305483992 -0.0002026830
2457448.9312339067 -0.0002026728
2457448.9319215971 -0.0002026612
2457448.9326208229 -0.0002026479
2457448.9333190210 -0.0002026331
2457448.9340191227 -0.0002026167
2457448.9347040942 -0.0002025992
2457448.9353908016 -0.0002025801
2457448.9360926282 -0.0002025590
2457448.9367934093 -0.0002025363
2457448.9374908442 -0.0002025121
2457448.9381824867 -0.0002024864
2457448.9388719262 -0.0002024591
2457448.9395654681 -0.0002024299
2457448.9402607647 -0.0002023989
2457448.9409612673 -0.0002023659
2457448.9416620149 -0.0002023309
2457448.9423475661 -0.0002022949
2457448.9430439854 -0.0002022564
2457448.9437336060 -0.0002022163
2457448.9444168848 -0.0002021746
2457448.9451345443 -0.0002021287
2457448.9458181360 -0.0002020829
2457448.9465041324 -0.0002020347
2457448.9472038732 -0.0002019834
2457448.9479047158 -0.0002019296
2457448.9486030708 -0.0002018737
2457448.9492886611 -0.0002018164
2457448.9499778855 -0.0002017563
2457448.9506600667 -0.0002016943
2457448.9513736716 -0.0002016268
2457448.9520709491 -0.0002015580
2457448.9527714769 -0.0002014860
2457448.9534537625 -0.0002014131
2457448.9541431358 -0.0002013365
2457448.9548392873 -0.0002012560
2457448.9555736026 -0.0002011677
2457448.9562427425 -0.0002010840
2457448.9569361010 -0.0002009940
2457448.9576174608 -0.0002009021
2457448.9583137608 -0.0002008046
2457448.9590616757 -0.0002006956
2457448.9597126502 -0.0002005972
2457448.9603976686 -0.0002004897
2457448.9610867533 -0.0002003776
2457448.9617875363 -0.0002002592
2457448.9624865088 -0.0002001367
2457448.9631822011 -0.0002000100
2457448.9638731489 -0.0001998795
2457448.9645526959 -0.0001997464
2457448.9652575580 -0.0001996031
2457448.9659583173 -0.0001994553
2457448.9666573047 -0.0001993022
2457448.9673545803 -0.0001991437
2457448.9680418298 -0.0001989816
2457448.9687287230 -0.0001988136
2457448.9694342185 -0.0001986344
2457448.9701270200 -0.0001984518
2457448.9708101475 -0.0001982649
2457448.9715272603 -0.0001980612
2457448.9722016701 -0.0001978623
2457448.9729005774 -0.0001976483
2457448.9736002930 -0.0001974258
2457448.9742969708 -0.0001971955
2457448.9749821159 -0.0001969603
2457448.9756691484 -0.0001967153
2457448.9763702219 -0.0001964555
2457448.9770699861 -0.0001961856
2457448.9777702843 -0.0001959047
2457448.9784604809 -0.0001956165
2457448.9791439287 -0.0001953197
2457448.9798163949 -0.0001950158
2457448.9805629984 -0.0001946640
2457448.9812392411 -0.0001943316
2457448.9819372958 -0.0001939738
2457448.9826249424 -0.0001936061
2457448.9833122352 -0.0001932224
2457448.9840135085 -0.0001928134
2457448.9847107381 -0.0001923879
2457448.9854097189 -0.0001919413
2457448.9860955114 -0.0001914823
2457448.9867964583 -0.0001909902
2457448.9874028275 -0.0001905444
