2458356.74454720 -0.000448 0.000318
2458356.74593608 -0.000498 0.000318
2458356.74732496 -0.000375 0.000318
2458356.74871384 0.000332 0.000318
2458356.75010272 -0.000289 0.000318
2458356.75149160 -0.000049 0.000318
2458356.75288048 -0.000601 0.000318
2458356.75426937 0.000413 0.000318
2458356.75565825 -0.000002 0.000318
2458356.75704713 -0.000436 0.000318
2458356.75843601 0.000102 0.000318
2458356.75982489 0.000006 0.000318
2458356.76121377 -0.000331 0.000318
2458356.76260265 0.000239 0.000318
2458356.76399153 0.000092 0.000318
2458356.76538041 0.000349 0.000318
2458356.76676929 0.000090 0.000318
2458356.76815817 0.000238 0.000318
2458356.76954706 0.000225 0.000318
2458356.77093594 -0.000218 0.000318
2458356.77232482 -0.000179 0.000318
2458356.77371370 -0.000072 0.000318
2458356.77510258 -0.000425 0.000318
2458356.77649146 0.000299 0.000318
2458356.77788034 -0.000004 0.000318
2458356.77926922 -0.000034 0.000318
2458356.78065810 0.000126 0.000318
2458356.78204698 -0.000112 0.000318
2458356.78343586 0.000257 0.000318
2458356.78482474 0.000526 0.000318
2458356.78621363 -0.000283 0.000318
2458356.78760251 0.000078 0.000318
2458356.78899139 -0.000042 0.000318
2458356.79038027 0.000144 0.000318
2458356.79176915 -0.000605 0.000318
2458356.79315803 0.000356 0.000318
2458356.79454691 0.000117 0.000318
2458356.79593579 0.000516 0.000318
2458356.79732467 0.000025 0.000318
2458356.79871355 -0.000108 0.000318
2458356.80010243 0.000112 0.000318
2458356.80149131 -0.000204 0.000318
2458356.80288019 0.000011 0.000318
2458356.80426908 -0.000082 0.000318
2458356.80565796 0.000240 0.000318
2458356.80704684 -0.000218 0.000318
2458356.80843572 -0.000126 0.000318
2458356.80982460 -0.000106 0.000318
2458356.81121348 -0.000087 0.000318
2458356.81260236 0.000092 0.000318
2458356.81399124 -0.000073 0.000318
2458356.81538012 0.000082 0.000318
2458356.81676900 0.000553 0.000318
2458356.81815788 -0.000166 0.000318
2458356.81954676 -0.000147 0.000318
2458356.82093564 -0.000008 0.000318
2458356.82232453 0.000086 0.000318
2458356.82371341 -0.000045 0.000318
2458356.82510229 0.000284 0.000318
2458356.82649117 -0.000027 0.000318
2458356.82788005 -0.000035 0.000318
2458356.82926893 -0.000076 0.000318
2458356.83065781 0.000202 0.000318
2458356.83204669 -0.000425 0.000318
2458356.83343557 0.000506 0.000318
2458356.83482445 0.000329 0.000318
2458356.83621333 -0.000517 0.000318
2458356.83760221 0.000419 0.000318
2458356.83899109 0.000571 0.000318
2458356.84037997 0.000055 0.000318
2458356.84176886 -0.000029 0.000318
2458356.84315774 0.000054 0.000318
2458356.84454662 -0.000106 0.000318
2458356.84593550 0.000186 0.000318
2458356.84732438 0.000442 0.000318
2458356.84871326 -0.000216 0.000318
2458356.85010214 -0.000356 0.000318
2458356.85149102 -0.000312 0.000318
2458356.85287990 -0.000217 0.000318
2458356.85426878 0.000431 0.000318
2458356.85565766 -0.000294 0.000318
2458356.85704654 -0.000200 0.000318
2458356.85843542 0.000135 0.000318
2458356.85982430 -0.000561 0.000318
2458356.86121319 -0.000226 0.000318
2458356.86260207 -0.000002 0.000318
2458356.86399095 0.000519 0.000318
2458356.86537983 0.000185 0.000318
2458356.86676871 -0.000586 0.000318
2458356.86815759 0.000429 0.000318
2458356.86954647 0.000769 0.000318
2458356.87093535 0.000061 0.000318
2458356.87232423 0.000139 0.000318
2458356.87371311 0.000183 0.000318
2458356.87510199 0.000182 0.000318
2458356.87649087 0.000023 0.000318
2458356.87787975 0.000329 0.000318
2458356.87926863 -0.000207 0.000318
2458356.88065751 -0.000363 0.000318
2458356.88204640 0.000656 0.000318
2458356.88343528 -0.000191 0.000318
2458356.88482416 -0.000399 0.000318
2458356.88621304 0.000142 0.000318
2458356.88760192 -0.000097 0.000318
2458356.88899080 -0.000099 0.000318
2458356.89037968 -0.000357 0.000318
2458356.89176856 -0.000162 0.000318
2458356.89315744 -0.000287 0.000318
2458356.89454632 0.000342 0.000318
2458356.89593520 -0.000393 0.000318
2458356.89732408 -0.000334 0.000318
2458356.89871296 0.000183 0.000318
2458356.90010184 0.000125 0.000318
2458356.90149072 -0.000443 0.000318
2458356.90287960 -0.000012 0.000318
2458356.90426849 -0.000401 0.000318
2458356.90565737 0.000005 0.000318
2458356.90704625 -0.000363 0.000318
2458356.90843513 -0.000094 0.000318
2458356.90982401 -0.000204 0.000318
2458356.91121289 0.000422 0.000318
2458356.91260177 0.000039 0.000318
2458356.91399065 -0.000391 0.000318
2458356.91537953 0.000447 0.000318
2458356.91676841 0.000285 0.000318
2458356.91815729 -0.000072 0.000318
2458356.91954617 -0.000083 0.000318
2458356.92093505 -0.000388 0.000318
2458356.92232393 -0.000010 0.000318
2458356.92371281 -0.000111 0.000318
2458356.92510169 0.000241 0.000318
2458356.92649057 -0.000328 0.000318
2458356.92787945 0.000040 0.000318
2458356.92926833 -0.000381 0.000318
2458356.93204610 0.000451 0.000318
2458356.93343498 0.000296 0.000318
2458356.93482386 0.000286 0.000318
2458356.93621274 0.000548 0.000318
2458356.93760162 0.000474 0.000318
2458356.93899050 0.000004 0.000318
2458356.94037938 -0.000339 0.000318
2458356.94176826 0.000995 0.000318
2458356.94315714 -0.000174 0.000318
2458356.94454602 0.000271 0.000318
2458356.94593490 -0.000268 0.000318
2458356.94732378 0.000600 0.000318
2458356.94871266 0.000442 0.000318
2458356.95010154 -0.000006 0.000318
2458356.95149042 0.000600 0.000318
2458356.95287930 0.000116 0.000318
2458356.95426818 -0.000120 0.000318
2458356.95565706 -0.000113 0.000318
2458356.95704595 0.000028 0.000318
2458356.95843483 -0.000004 0.000318
2458356.95982371 -0.000175 0.000318
2458356.96121259 -0.000055 0.000318
2458356.96260147 0.000012 0.000318
2458356.96399035 0.000094 0.000318
2458356.96537923 0.000417 0.000318
2458356.96676811 0.000005 0.000318
2458356.96815699 0.000295 0.000318
2458356.96954587 -0.000080 0.000318
2458356.97093475 -0.000019 0.000318
2458356.97232363 0.000080 0.000318
2458356.97371251 -0.000207 0.000318
2458356.97510139 0.000060 0.000318
2458356.97649027 0.000016 0.000318
2458356.97787915 0.000014 0.000318
2458356.97926803 0.000522 0.000318
2458356.98065691 0.000102 0.000318
2458356.98204579 0.000413 0.000318
2458356.98343467 0.000239 0.000318
2458356.98482355 0.000481 0.000318
2458356.98621243 0.000139 0.000318
2458356.98760132 -0.000028 0.000318
2458356.98899020 0.000116 0.000318
2458356.99037908 0.000122 0.000318
2458356.99176796 0.000263 0.000318
2458356.99315684 0.000092 0.000318
2458356.99454572 -0.000039 0.000318
2458356.99593460 -0.000075 0.000318
2458356.99732348 0.000188 0.000318
2458356.99871236 -0.000688 0.000318
2458357.00010124 -0.000031 0.000318
2458357.00149012 0.000232 0.000318
2458357.00287900 0.000012 0.000318
2458357.00426788 -0.000081 0.000318
2458357.00565676 0.000010 0.000318
2458357.00704564 -0.000200 0.000318
2458357.00843452 0.000625 0.000318
2458357.00982340 0.000353 0.000318
2458357.01121228 0.000022 0.000318
2458357.01260116 0.000589 0.000318
2458357.01399004 0.000363 0.000318
2458357.01537892 0.000344 0.000318
2458357.01676780 0.000147 0.000318
2458357.01815668 -0.000562 0.000318
2458357.01954556 0.000292 0.000318
2458357.02093444 -0.001088 0.000318
2458357.02232333 -0.000720 0.000318
2458357.02371221 -0.000219 0.000318
2458357.02510109 0.000224 0.000318
2458357.02648997 0.000108 0.000318
2458357.02787885 -0.000330 0.000318
2458357.02926773 0.000233 0.000318
2458357.03065661 -0.000097 0.000318
2458357.03204549 -0.000074 0.000318
2458357.03343437 0.000112 0.000318
2458357.03482325 -0.000096 0.000318
2458357.03621213 -0.000232 0.000318
2458357.03760101 0.000158 0.000318
2458357.03898989 0.000188 0.000318
2458357.04037877 0.000281 0.000318
2458357.04176765 -0.000283 0.000318
2458357.04315653 0.000297 0.000318
2458357.04454541 -0.000330 0.000318
2458357.04593429 -0.000565 0.000318
2458357.04732317 0.000088 0.000318
2458357.04871205 -0.000668 0.000318
2458357.05010093 -0.000025 0.000318
2458357.05148981 -0.000236 0.000318
2458357.05287869 -0.000552 0.000318
2458357.05426757 0.000077 0.000318
2458357.05565645 -0.000036 0.000318
2458357.05704533 -0.000424 0.000318
2458357.05843421 0.000533 0.000318
2458357.05982309 -0.000069 0.000318
2458357.06121197 -0.000174 0.000318
2458357.06260085 0.000358 0.000318
2458357.06398973 -0.000034 0.000318
2458357.06537862 -0.000165 0.000318
2458357.06676750 -0.000298 0.000318
2458357.06815638 0.000192 0.000318
2458357.06954526 -0.000008 0.000318
2458357.07093414 0.000078 0.000318
2458357.07232302 -0.000154 0.000318
2458357.07371190 0.000002 0.000318
2458357.07510078 0.000149 0.000318
2458357.07648966 0.000467 0.000318
2458357.07787854 0.000278 0.000318
2458357.07926742 -0.000213 0.000318
2458357.08065630 -0.000848 0.000318
2458357.08204518 0.000736 0.000318
2458357.08343406 -0.000021 0.000318
2458357.08482294 0.000100 0.000318
2458357.08621182 0.000058 0.000318
2458357.08760070 0.000470 0.000318
2458357.08898958 -0.000129 0.000318
2458357.09037846 0.000290 0.000318
2458357.09176734 0.000208 0.000318
2458357.09315622 0.000341 0.000318
2458357.09454510 -0.000026 0.000318
2458357.09593398 -0.000060 0.000318
2458357.09732286 -0.000121 0.000318
2458357.09871174 -0.000506 0.000318
2458357.10010062 0.000290 0.000318
2458357.10148950 0.000296 0.000318
2458357.10287838 -0.000050 0.000318
2458357.10426726 0.000673 0.000318
2458357.10565614 0.000199 0.000318
2458357.10704502 -0.000042 0.000318
2458357.10843390 0.000190 0.000318
2458357.10982278 0.000070 0.000318
2458357.11121166 0.000200 0.000318
2458357.11260054 0.000036 0.000318
2458357.11398942 -0.000471 0.000318
2458357.11537830 0.000364 0.000318
2458357.11676718 -0.000098 0.000318
2458357.11815606 -0.000035 0.000318
2458357.11954494 0.000357 0.000318
2458357.12093382 -0.000030 0.000318
2458357.12232270 0.000010 0.000318
2458357.12371158 -0.000274 0.000318
2458357.12510046 -0.000214 0.000318
2458357.12648934 0.000265 0.000318
2458357.12787822 -0.000387 0.000318
2458357.12926710 -0.000216 0.000318
2458357.13065599 0.000500 0.000318
2458357.13204487 0.000131 0.000318
2458357.13343375 0.000038 0.000318
2458357.13482263 0.000218 0.000318
2458357.13621151 0.000180 0.000318
2458357.13760039 -0.000108 0.000318
2458357.13898927 0.000212 0.000318
2458357.14037815 0.000492 0.000318
2458357.14176703 0.000101 0.000318
2458357.14315591 0.000386 0.000318
2458357.14454479 0.000925 0.000318
2458357.14593367 -0.000542 0.000318
2458357.14732255 -0.000316 0.000318
2458357.14871143 -0.000191 0.000318
2458357.15010031 -0.000256 0.000318
2458357.15148919 0.000043 0.000318
2458357.15287807 -0.000017 0.000318
2458357.15426695 -0.000125 0.000318
2458357.15565583 -0.000198 0.000318
2458357.15704471 -0.000051 0.000318
2458357.15843359 -0.000659 0.000318
2458357.15982247 -0.000418 0.000318
2458366.72359932 0.000249 0.000320
2458366.72498819 0.000222 0.000320
2458366.72637706 -0.000633 0.000319
2458366.72776593 -0.000160 0.000320
2458366.72915479 -0.000193 0.000320
2458366.73054366 0.000154 0.000320
2458366.73193253 -0.000299 0.000320
2458366.73332140 0.000407 0.000320
2458366.73471027 0.000002 0.000320
2458366.73609913 -0.000171 0.000320
2458366.73748800 -0.000009 0.000320
2458366.73887687 -0.000640 0.000320
2458366.74026574 0.000270 0.000320
2458366.74165461 0.000453 0.000320
2458366.74304347 0.000365 0.000320
2458366.74443234 0.000736 0.000320
2458366.74582121 0.000274 0.000320
2458366.74721008 0.000247 0.000320
2458366.74859895 -0.000258 0.000320
2458366.74998781 -0.000437 0.000320
2458366.75137668 0.000092 0.000320
2458366.75276555 -0.000222 0.000320
2458366.75415442 0.000392 0.000320
2458366.75554329 0.000002 0.000320
2458366.75693215 -0.000209 0.000320
2458366.75832102 -0.000366 0.000320
2458366.75970989 -0.000186 0.000320
2458366.76109876 0.000485 0.000320
2458366.76248763 0.000017 0.000320
2458366.76387649 0.000133 0.000320
2458366.76526536 -0.000313 0.000320
2458366.76665423 -0.000126 0.000320
2458366.76804310 0.000055 0.000320
2458366.76943197 -0.000270 0.000320
2458366.77082083 0.000051 0.000320
2458366.77220970 -0.000162 0.000320
2458366.77359857 -0.000032 0.000320
2458366.77498744 -0.000130 0.000320
2458366.77637631 -0.001115 0.000320
2458366.77776517 -0.000619 0.000320
2458366.77915404 0.000142 0.000320
2458366.78054291 0.000115 0.000320
2458366.78193178 -0.000262 0.000320
2458366.78332065 -0.000042 0.000320
2458366.78470951 -0.000242 0.000320
2458366.78609838 -0.000011 0.000320
2458366.78748725 -0.000010 0.000320
2458366.78887612 -0.000516 0.000320
2458366.79026499 0.000426 0.000320
2458366.79165385 -0.000097 0.000320
2458366.79304272 0.000043 0.000320
2458366.79443159 -0.000115 0.000320
2458366.79582046 -0.000112 0.000320
2458366.79720932 0.000018 0.000320
2458366.79859819 0.000203 0.000320
2458366.79998706 -0.000218 0.000320
2458366.80137593 0.000183 0.000320
2458366.80276480 0.000120 0.000320
2458366.80415366 -0.000367 0.000320
2458366.80554253 -0.000461 0.000320
2458366.80693140 -0.000014 0.000320
2458366.80832027 -0.000244 0.000320
2458366.80970914 -0.000117 0.000320
2458366.81109800 0.000113 0.000320
2458366.81248687 -0.000151 0.000320
2458366.81387574 -0.000185 0.000320
2458366.81526461 0.000269 0.000320
2458366.81665348 -0.000494 0.000320
2458366.81804234 -0.000309 0.000320
2458366.81943121 -0.000300 0.000320
2458366.82082008 0.000073 0.000320
2458366.82220895 0.000183 0.000320
2458366.82359782 -0.000425 0.000320
2458366.82498668 0.000497 0.000320
2458366.82637555 0.000090 0.000320
2458366.82776442 0.000307 0.000320
2458366.82915329 -0.000214 0.000320
2458366.83054216 0.000504 0.000320
2458366.83193102 -0.000112 0.000320
2458366.83331989 0.000196 0.000320
2458366.83470876 -0.000145 0.000320
2458366.83609763 0.000178 0.000320
2458366.83748649 -0.000262 0.000320
2458366.83887536 0.000541 0.000320
2458366.84026423 -0.000593 0.000320
2458366.84165310 -0.000220 0.000320
2458366.84304197 0.000169 0.000320
2458366.84443083 0.000231 0.000320
2458366.84581970 -0.000380 0.000320
2458366.84720857 -0.000061 0.000320
2458366.84859744 -0.000623 0.000320
2458366.84998631 -0.000329 0.000320
2458366.85137517 -0.000018 0.000320
2458366.85276404 -0.000108 0.000320
2458366.85415291 -0.000033 0.000320
2458366.85554178 0.000246 0.000320
2458366.85693065 -0.000393 0.000320
2458366.85831951 0.000009 0.000320
2458366.85970838 0.000274 0.000320
2458366.86109725 -0.000083 0.000320
2458366.86248612 -0.000340 0.000320
2458366.86387498 0.000617 0.000320
2458366.86526385 -0.000129 0.000320
2458366.86665272 0.000002 0.000320
2458366.86804159 0.000020 0.000320
2458366.86943046 0.000024 0.000320
2458366.87081933 0.000340 0.000320
2458366.87220819 -0.000443 0.000320
2458366.87359706 -0.000181 0.000320
2458366.87498593 0.000020 0.000320
2458366.87637480 -0.000242 0.000320
2458366.87776366 0.000005 0.000320
2458366.87915253 -0.000599 0.000320
2458366.88054140 -0.000004 0.000320
2458366.88193027 0.000411 0.000320
2458366.88331914 0.000247 0.000320
2458366.88470800 0.000044 0.000320
2458366.88609687 0.000322 0.000320
2458366.88748574 0.000054 0.000320
2458366.88887461 -0.000913 0.000320
2458366.89026348 0.000384 0.000320
2458366.89165234 0.000102 0.000320
2458366.89304121 -0.000159 0.000320
2458366.89443008 0.000003 0.000320
2458366.89581895 -0.000341 0.000320
2458366.89720781 -0.000245 0.000320
2458366.89859668 -0.000192 0.000320
2458366.89998555 0.000016 0.000320
2458366.90137442 -0.000069 0.000320
2458366.90276329 -0.000100 0.000320
2458366.90415215 -0.000025 0.000320
2458366.90554102 0.000069 0.000320
2458366.90692989 -0.000168 0.000320
2458366.90831876 -0.000517 0.000320
2458366.90970763 -0.000529 0.000320
2458366.91109649 0.000306 0.000320
2458366.91248536 0.000218 0.000320
2458366.91387423 -0.000191 0.000320
2458366.91526310 -0.000725 0.000320
2458366.91665196 -0.000207 0.000320
2458366.91804083 -0.000775 0.000320
2458366.91942970 -0.000196 0.000320
2458366.92081857 -0.000353 0.000320
2458366.92220744 -0.000051 0.000320
2458366.92359630 0.000395 0.000320
2458366.92498517 0.000144 0.000320
2458366.92637404 0.000844 0.000320
2458366.92776291 0.000453 0.000320
2458366.92915178 -0.000049 0.000320
2458366.93054064 -0.000212 0.000320
2458366.93192951 0.000152 0.000320
2458366.93331838 -0.000042 0.000320
2458366.93470725 0.000053 0.000320
2458366.93609612 -0.000234 0.000320
2458366.93748498 -0.000364 0.000320
2458366.93887385 0.000570 0.000320
2458366.94026272 -0.000034 0.000320
2458366.94165159 0.000019 0.000320
2458366.94304045 -0.000135 0.000320
2458366.94442932 -0.000356 0.000320
2458366.94581819 0.000151 0.000320
2458366.94720706 -0.000052 0.000320
2458366.94859593 -0.000376 0.000320
2458366.94998479 0.000033 0.000321
2458366.95137366 0.000431 0.000321
2458366.95276253 -0.000192 0.000321
2458366.95415140 0.000012 0.000320
2458366.95554026 0.000126 0.000320
2458366.95692913 0.000373 0.000321
2458366.95831800 -0.000672 0.000320
2458366.95970687 -0.000076 0.000320
2458366.96109574 0.000150 0.000321
2458366.96248460 0.000374 0.000321
2458366.96387347 -0.000218 0.000320
2458366.96526234 0.000138 0.000321
2458366.96665121 0.000211 0.000321
2458366.96804008 0.000089 0.000321
2458366.96942894 0.000028 0.000321
2458366.97081781 -0.000128 0.000321
2458366.97220668 0.000433 0.000321
2458366.97359555 -0.000251 0.000321
2458366.97498441 0.000089 0.000321
2458366.97637328 -0.000625 0.000321
2458366.97776215 0.000493 0.000321
2458366.97915102 0.000012 0.000321
2458366.98053989 -0.000257 0.000321
2458366.98192875 0.000267 0.000321
2458366.98331762 0.000730 0.000321
2458366.98470649 -0.000177 0.000321
2458366.98609536 -0.000266 0.000321
2458366.98748422 0.000061 0.000321
2458366.98887309 0.000000 0.000321
2458366.99026196 -0.000190 0.000321
2458366.99165083 -0.000321 0.000321
2458366.99303970 -0.000366 0.000321
2458366.99442856 -0.000252 0.000321
2458366.99581743 -0.000366 0.000321
2458366.99720630 -0.000475 0.000321
2458366.99859517 -0.000063 0.000321
2458366.99998403 0.000002 0.000321
2458367.00137290 0.000027 0.000321
2458367.00276177 0.000081 0.000321
2458367.00415064 -0.000041 0.000321
2458367.00553951 -0.000456 0.000321
2458367.00692837 -0.000142 0.000321
2458367.00831724 -0.000129 0.000321
2458367.00970611 0.000049 0.000321
2458367.01109498 -0.000135 0.000321
2458367.01248384 0.000232 0.000321
2458367.01387271 0.000081 0.000321
2458367.01526158 -0.000138 0.000321
2458367.01665045 -0.000154 0.000321
2458367.01803932 -0.000527 0.000321
2458367.01942818 0.000056 0.000321
2458367.02081705 0.000244 0.000321
2458367.02220592 0.000628 0.000321
2458367.02359479 0.000351 0.000321
2458367.02498365 -0.000081 0.000321
2458367.02637252 0.000115 0.000321
2458367.02776139 -0.000094 0.000321
2458367.02915026 0.000103 0.000321
2458367.03053912 -0.000248 0.000321
2458367.03192799 0.000627 0.000321
2458367.03331686 0.000111 0.000321
2458367.03470573 0.000492 0.000321
2458367.03609460 0.000008 0.000321
2458367.03748346 0.000288 0.000321
2458367.03887233 0.000184 0.000321
2458367.04026120 0.000112 0.000321
2458367.04165007 -0.000095 0.000321
2458367.04303893 -0.000117 0.000321
2458367.04442780 0.000232 0.000321
2458367.04581667 0.000381 0.000321
2458367.04720554 0.000011 0.000321
2458367.04859441 -0.000043 0.000321
2458367.04998327 -0.000169 0.000321
2458367.05137214 -0.000254 0.000321
2458367.05276101 0.000241 0.000321
2458367.05414988 0.000242 0.000321
2458367.05553874 0.000719 0.000321
2458367.05692761 0.000191 0.000321
2458367.05831648 0.000299 0.000321
2458367.05970535 0.000295 0.000322
2458367.06109421 0.000200 0.000321
2458367.06248308 0.000515 0.000322
2458367.06387195 0.000052 0.000322
2458367.06526082 -0.000184 0.000322
2458367.06664969 0.000640 0.000322
2458367.06803855 0.000009 0.000322
2458367.06942742 0.000039 0.000322
2458367.07081629 0.000615 0.000322
2458367.07220516 0.000217 0.000322
2458367.07359402 -0.000042 0.000322
2458367.07498289 0.000657 0.000322
2458367.07637176 -0.000207 0.000322
2458367.07776063 0.000180 0.000322
2458367.07914949 0.000526 0.000322
2458367.08053836 0.000270 0.000322
2458367.08192723 -0.000008 0.000322
2458367.08331610 0.000017 0.000322
2458367.08470496 -0.000144 0.000322
2458367.08609383 -0.000013 0.000322
2458367.08748270 -0.000104 0.000322
2458367.08887157 -0.000234 0.000322
2458367.09026044 -0.000343 0.000322
2458367.09164930 0.000294 0.000322
2458367.09303817 0.000214 0.000322
2458367.09442704 0.000582 0.000322
2458367.09581591 0.000291 0.000322
2458367.09720477 0.000648 0.000322
2458367.09859364 0.000316 0.000322
2458367.09998251 0.000111 0.000322
2458367.10137138 0.000289 0.000322
2458367.10276024 0.000482 0.000322
2458367.10414911 -0.000377 0.000322
2458367.10553798 -0.000190 0.000322
2458367.10692685 0.000058 0.000322
2458367.10831571 -0.000235 0.000322
2458367.10970458 0.000149 0.000322
2458367.11109345 -0.000302 0.000322
2458367.11248232 -0.000114 0.000322
2458367.11387119 -0.000038 0.000323
2458367.11526005 0.000611 0.000323
2458367.11664892 0.000065 0.000323
2458367.11803779 0.000038 0.000323
2458367.11942666 0.000526 0.000323
2458367.12081552 0.000171 0.000323
2458367.12220439 -0.000161 0.000323
2458367.12359326 0.000142 0.000323
2458367.12498213 0.000141 0.000323
2458367.12637099 -0.000044 0.000323
2458367.12775986 -0.000344 0.000323
2458367.12914873 0.000416 0.000323
2458367.13053760 0.000122 0.000323
2458367.13192646 0.000091 0.000323
2458367.13331533 0.000294 0.000323
2458367.13470420 -0.000204 0.000323
2458367.13609307 0.000469 0.000323
2458367.13748193 -0.000322 0.000323
2458367.13887080 0.000515 0.000323
2458376.70248057 0.000581 0.000319
2458376.70386941 -0.000316 0.000319
2458376.70525825 0.000020 0.000319
2458376.70664709 0.000008 0.000319
2458376.70803593 0.000371 0.000319
2458376.70942477 -0.000345 0.000319
2458376.71081361 0.000155 0.000319
2458376.71220244 0.000072 0.000319
2458376.71359128 0.000015 0.000319
2458376.71498012 0.000123 0.000319
2458376.71636896 -0.000401 0.000319
2458376.71775780 -0.000468 0.000319
2458376.71914664 -0.000252 0.000319
2458376.72053548 0.000052 0.000319
2458376.72192432 -0.000311 0.000319
2458376.72331316 0.000133 0.000319
2458376.72470199 -0.000192 0.000319
2458376.72609083 -0.000225 0.000319
2458376.72747967 0.000312 0.000319
2458376.72886851 0.000301 0.000319
2458376.73025735 -0.000354 0.000319
2458376.73164619 0.000298 0.000319
2458376.73303503 0.000578 0.000319
2458376.73442387 0.000178 0.000319
2458376.73581271 0.000661 0.000319
2458376.73720154 0.000591 0.000319
2458376.73859038 -0.000453 0.000319
2458376.73997922 -0.000023 0.000319
2458376.74136806 -0.000076 0.000319
2458376.74275690 0.000036 0.000319
2458376.74414574 -0.000368 0.000319
2458376.74553458 -0.000004 0.000319
2458376.74692342 -0.000286 0.000319
2458376.74831226 -0.000152 0.000319
2458376.74970109 -0.000035 0.000319
2458376.75108993 -0.000525 0.000319
2458376.75247877 0.000169 0.000319
2458376.75386761 0.000242 0.000319
2458376.75525645 -0.000344 0.000318
2458376.75664529 0.000359 0.000319
2458376.75803413 0.000180 0.000319
2458376.75942297 0.000382 0.000319
2458376.76081180 -0.000373 0.000319
2458376.76220064 0.000339 0.000319
2458376.76358948 -0.000141 0.000319
2458376.76497832 -0.000207 0.000319
2458376.76636716 -0.000341 0.000319
2458376.76775600 0.000080 0.000319
2458376.76914484 0.000095 0.000319
2458376.77053368 0.000525 0.000319
2458376.77192252 -0.000076 0.000319
2458376.77331135 0.000167 0.000319
2458376.77470019 0.000177 0.000319
2458376.77608903 0.000028 0.000319
2458376.77747787 0.000473 0.000319
2458376.77886671 -0.000628 0.000319
2458376.78025555 0.000260 0.000319
2458376.78164439 -0.000273 0.000319
2458376.78303323 -0.000323 0.000319
2458376.78442207 -0.000333 0.000319
2458376.78581090 -0.000078 0.000319
2458376.78719974 0.000237 0.000319
2458376.78858858 0.000132 0.000319
2458376.78997742 0.000034 0.000319
2458376.79136626 -0.000186 0.000319
2458376.79275510 0.000246 0.000319
2458376.79414394 -0.000494 0.000319
2458376.79553278 -0.000016 0.000319
2458376.79692161 -0.000261 0.000319
2458376.79831045 -0.000109 0.000319
2458376.79969929 0.000062 0.000319
2458376.80108813 -0.000377 0.000319
2458376.80247697 -0.000458 0.000319
2458376.80386581 -0.000319 0.000319
2458376.80525465 0.000171 0.000319
2458376.80664349 -0.000719 0.000319
2458376.80803232 -0.000080 0.000319
2458376.80942116 -0.000191 0.000319
2458376.81081000 -0.000321 0.000319
2458376.81219884 0.000490 0.000319
2458376.81358768 -0.000283 0.000319
2458376.81497652 -0.000005 0.000319
2458376.81636536 0.000190 0.000319
2458376.81775420 0.000050 0.000319
2458376.81914303 -0.000567 0.000319
2458376.82053187 0.000059 0.000319
2458376.82192071 -0.000038 0.000319
2458376.82330955 -0.000263 0.000318
2458376.82469839 0.000186 0.000319
2458376.82608723 -0.000289 0.000319
2458376.82747607 -0.000199 0.000319
2458376.82886491 -0.000065 0.000319
2458376.83025374 0.000272 0.000319
2458376.83164258 -0.000272 0.000319
2458376.83303142 0.000118 0.000319
2458376.83442026 0.000300 0.000319
2458376.83580910 -0.000225 0.000319
2458376.83719794 0.000600 0.000319
2458376.83858678 -0.000134 0.000319
2458376.83997562 0.000127 0.000319
2458376.84136445 0.000378 0.000319
2458376.84275329 0.000232 0.000319
2458376.84414213 -0.000558 0.000319
2458376.84553097 -0.000571 0.000319
2458376.84691981 -0.000145 0.000319
2458376.84830865 0.000509 0.000319
2458376.84969749 0.000281 0.000319
2458376.85108633 0.000103 0.000319
2458376.85247516 0.000160 0.000319
2458376.85386400 0.000620 0.000319
2458376.85525284 -0.000112 0.000319
2458376.85664168 -0.000143 0.000319
2458376.85803052 -0.000036 0.000319
2458376.85941936 0.000196 0.000319
2458376.86080820 0.000148 0.000319
2458376.86219704 0.000327 0.000319
2458376.86358587 0.000170 0.000319
2458376.86497471 0.000200 0.000319
2458376.86636355 0.000024 0.000319
2458376.86775239 -0.000311 0.000319
2458376.86914123 -0.000307 0.000318
2458376.87053007 0.000139 0.000319
2458376.87191891 0.000598 0.000319
2458376.87330774 0.000106 0.000319
2458376.87469658 -0.000414 0.000319
2458376.87608542 -0.000414 0.000318
2458376.87747426 0.000255 0.000319
2458376.87886310 0.000128 0.000319
2458376.88025194 -0.000535 0.000319
2458376.88164078 -0.000301 0.000318
2458376.88302962 -0.000022 0.000319
2458376.88441845 0.000106 0.000319
2458376.88580729 -0.000145 0.000319
2458376.88719613 -0.000029 0.000319
2458376.88858497 0.000348 0.000319
2458376.88997381 0.000228 0.000319
2458376.89136265 0.000573 0.000319
2458376.89275149 -0.000578 0.000318
2458376.89414033 -0.000227 0.000319
2458376.89552916 -0.000138 0.000319
2458376.89691800 -0.000258 0.000318
2458376.89830684 -0.000046 0.000319
2458376.89969568 -0.000093 0.000319
2458376.90108452 0.000075 0.000319
2458376.90247336 0.000276 0.000319
2458376.90386220 -0.000108 0.000319
2458376.90525103 0.000787 0.000319
2458376.90663987 0.000216 0.000319
2458376.90802871 -0.000298 0.000318
2458376.90941755 0.000377 0.000319
2458376.91080639 -0.001051 0.000318
2458376.91219523 0.000142 0.000319
2458376.91358407 -0.000266 0.000319
2458376.91497291 0.000185 0.000319
2458376.91636174 -0.000179 0.000319
2458376.91775058 0.000057 0.000319
2458376.91913942 -0.000499 0.000319
2458376.92052826 -0.000101 0.000319
2458376.92191710 -0.000394 0.000319
2458376.92330594 -0.000155 0.000319
2458376.92469478 0.000627 0.000319
2458376.92608361 0.000369 0.000319
2458376.92747245 -0.000164 0.000318
2458376.92886129 -0.000183 0.000318
2458376.93025013 0.000086 0.000319
2458376.93163897 0.000594 0.000319
2458376.93302781 -0.000379 0.000318
2458376.93441665 -0.000103 0.000319
2458376.93580548 0.000103 0.000319
2458376.93719432 -0.000197 0.000319
2458376.93858316 -0.000133 0.000319
2458376.93997200 -0.000037 0.000319
2458376.94136084 0.000872 0.000319
2458376.94274968 0.000045 0.000318
2458376.94413852 -0.000222 0.000319
2458376.94552735 0.000183 0.000319
2458376.94691619 0.000023 0.000319
2458376.94830503 -0.000115 0.000319
2458376.94969387 -0.000005 0.000319
2458376.95108271 -0.000401 0.000318
2458376.95247155 -0.000112 0.000319
2458376.95386039 0.000298 0.000319
2458376.95524922 0.000072 0.000319
2458376.95663806 -0.000405 0.000319
2458376.95802690 -0.000121 0.000319
2458376.95941574 -0.000447 0.000319
2458376.96080458 -0.000206 0.000319
2458376.96219342 -0.000369 0.000319
2458376.96358226 0.000196 0.000319
2458376.96497109 -0.000460 0.000318
2458376.96635993 -0.000647 0.000319
2458376.96774877 -0.000540 0.000318
2458376.96913761 0.000080 0.000319
2458376.97052645 -0.000161 0.000319
2458376.97191529 -0.000072 0.000319
2458376.97330413 -0.000195 0.000319
2458376.97469296 0.000127 0.000319
2458376.97608180 0.000294 0.000319
2458376.97747064 0.000038 0.000319
2458376.97885948 -0.000171 0.000319
2458376.98024832 -0.000066 0.000319
2458376.98163716 -0.000026 0.000319
2458376.98302600 0.000544 0.000319
2458376.98441483 -0.000237 0.000319
2458376.98580367 -0.000175 0.000319
2458376.98719251 0.000318 0.000319
2458376.98858135 -0.000022 0.000319
2458376.98997019 -0.000006 0.000319
2458376.99135903 -0.000050 0.000319
2458376.99274787 0.000290 0.000319
2458376.99413670 0.000153 0.000319
2458376.99552554 0.000394 0.000319
2458376.99691438 0.000091 0.000319
2458376.99830322 -0.000132 0.000319
2458376.99969206 -0.000402 0.000319
2458377.00108090 0.000394 0.000319
2458377.00246974 -0.000529 0.000319
2458377.00385857 -0.000057 0.000319
2458377.00524741 0.000020 0.000319
2458377.00663625 -0.000178 0.000319
2458377.00802509 0.000176 0.000319
2458377.00941393 0.000376 0.000319
2458377.01080277 0.000547 0.000319
2458377.01219161 -0.000359 0.000319
2458377.01358044 0.000043 0.000319
2458377.01496928 0.000110 0.000319
2458377.01635812 0.000199 0.000319
2458377.01774696 -0.000539 0.000319
2458377.01913580 -0.000586 0.000319
2458377.02052464 0.000172 0.000319
2458377.02191347 -0.000052 0.000319
2458377.02330231 -0.000081 0.000319
2458377.02469115 -0.000077 0.000319
2458377.02607999 0.000232 0.000319
2458377.02746883 0.000001 0.000319
2458377.02885767 0.000199 0.000319
2458377.03024651 -0.000071 0.000319
2458377.03163534 -0.000133 0.000319
2458377.03302418 -0.000320 0.000318
2458377.03441302 0.001197 0.000319
2458377.03580186 0.000438 0.000319
2458377.03719070 0.000491 0.000319
2458377.03857954 0.000040 0.000319
2458377.03996838 0.000087 0.000319
2458377.04135721 -0.000382 0.000319
2458377.04274605 -0.000557 0.000318
2458377.04413489 0.000225 0.000319
2458377.04552373 -0.000360 0.000319
2458377.04691257 0.000302 0.000319
2458377.04830141 0.000083 0.000319
2458377.04969024 0.000440 0.000319
2458377.05107908 0.000104 0.000319
2458377.05246792 -0.000135 0.000319
2458377.05385676 0.000172 0.000319
2458377.05524560 -0.000387 0.000318
2458377.05663444 0.000300 0.000319
2458377.05802328 0.000158 0.000319
2458377.05941211 0.000241 0.000319
2458377.06218979 0.000003 0.000319
2458377.06357863 -0.000835 0.000319
2458377.06496747 -0.000276 0.000319
2458377.06635631 -0.000512 0.000319
2458377.06774514 0.000425 0.000319
2458377.06913398 -0.000307 0.000319
2458377.07052282 -0.000087 0.000319
2458377.07191166 -0.000345 0.000318
2458377.07330050 0.000105 0.000319
2458377.07468934 -0.000152 0.000319
2458377.07607818 0.000410 0.000319
2458377.07746701 -0.000384 0.000319
2458377.07885585 0.000368 0.000319
2458377.08024469 -0.000249 0.000319
2458377.08163353 0.000467 0.000319
2458377.08302237 -0.000003 0.000319
2458377.08441121 0.000260 0.000319
2458377.08580004 0.000235 0.000319
2458377.08718888 0.000234 0.000319
2458377.08857772 0.000034 0.000319
2458377.08996656 -0.000517 0.000318
2458377.09135540 -0.000130 0.000319
2458377.09274424 -0.000633 0.000318
2458377.09413307 -0.000160 0.000319
2458377.09552191 -0.000318 0.000318
2458377.09691075 -0.000219 0.000319
2458377.09829959 -0.000296 0.000318
2458377.09968843 -0.000047 0.000319
2458377.10107727 -0.000326 0.000319
2458377.10246611 -0.000024 0.000319
2458377.10385494 0.000122 0.000319
2458377.10524378 0.000184 0.000319
2458377.10663262 0.000147 0.000319
2458377.10802146 0.000226 0.000319
2458377.10941030 0.000094 0.000319
2458377.11079914 -0.000013 0.000319
2458377.11218797 -0.000214 0.000319
2458377.11357681 0.000166 0.000319
2458377.11496565 0.000265 0.000319
2458377.11635449 0.000702 0.000319
2458377.11774333 0.000005 0.000319
