2457447.5881693326 0.0000000000
2457447.5916464827 0.0000000000
2457447.5951236328 0.0000000000
2457447.5986007825 0.0000000000
2457447.6020779326 0.0000000000
2457447.6055550827 0.0000000000
2457447.6090322328 0.0000000000
2457447.6125093824 0.0000000000
2457447.6159865325 0.0000000000
2457447.6194636826 0.0000000000
2457447.6229408327 0.0000000000
2457447.6264179824 0.0000000000
2457447.6298951325 0.0000000000
2457447.6333722826 0.0000000000
2457447.6368494327 0.0000000000
2457447.6403265824 0.0000000000
2457447.6438037325 0.0000000000
2457447.6472808826 0.0000000000
2457447.6507580327 0.0000000000
2457447.6542351823 0.0000000000
2457447.6577123324 0.0000000000
2457447.6611894825 0.0000000000
2457447.6646666327 0.0000000000
2457447.6681437823 0.0000000000
2457447.6716209324 0.0000000000
2457447.6750980825 0.0000000000
2457447.6785752326 0.0000000000
2457447.6820523823 0.0000000000
2457447.6855295324 0.0000000000
2457447.6890066825 0.0000000000
2457447.6924838326 0.0000000000
2457447.6959609822 0.0000000000
2457447.6994381323 0.0000000000
2457447.7029152825 0.0000000000
2457447.7063924326 0.0000000000
2457447.7098695822 0.0000000000
2457447.7133467323 0.0000000000
2457447.7168238824 0.0000000000
2457447.7203010325 0.0000000000
2457447.7237781822 0.0000000000
2457447.7272553323 0.0000000000
2457447.7307324824 0.0000000000
2457447.7342096325 0.0000000000
2457447.7376867821 0.0000000000
2457447.7411639323 0.0000000000
2457447.7446410824 0.0000000000
2457447.7481182325 0.0000000000
2457447.7515953821 0.0000000000
2457447.7550725322 0.0000000000
2457447.7585496823 0.0000000000
2457447.7620268324 0.0000000000
2457447.7655039821 0.0000000000
2457447.7689811322 0.0000000000
2457447.7724582823 0.0000000000
2457447.7759354324 0.0000000000
2457447.7794125821 0.0000000000
2457447.7828897322 0.0000000000
2457447.7863668823 0.0000000000
2457447.7898440324 0.0000000000
2457447.7933211820 0.0000000000
2457447.7967983321 0.0000000000
2457447.8002754822 0.0000000000
2457447.8037526323 0.0000000000
2457447.8072297820 0.0000000000
2457447.8107069321 0.0000000000
2457447.8141840822 0.0000000000
2457447.8176612323 0.0000000000
2457447.8211383820 0.0000000000
2457447.8246155321 0.0000000000
2457447.8280926822 0.0000000000
2457447.8315698323 0.0000000000
2457447.8350469819 0.0000000000
2457447.8385241320 0.0000000000
2457447.8420012821 0.0000000000
2457447.8454784323 0.0000000000
2457447.8489555819 0.0000000000
2457447.8524327320 0.0000000000
2457447.8559098821 0.0000000000
2457447.8593870322 0.0000000000
2457447.8628641819 0.0000000000
2457447.8663413320 0.0000000000
2457447.8698184821 0.0000000000
2457447.8732956322 0.0000000000
2457447.8767727818 0.0000000000
2457447.8802499319 0.0000000000
2457447.8837270821 0.0000000000
2457447.8872042322 0.0000000000
2457447.8906813818 0.0000000000
2457447.8941585319 0.0000000000
2457447.8976356820 0.0000000000
2457447.9011128321 0.0000000000
2457447.9045899818 0.0000000000
2457447.9080671319 0.0000000000
2457447.9115442820 0.0000000000
2457447.9150214321 0.0000000000
2457447.9184985817 0.0000000000
2457447.9219757318 0.0000000000
2457447.9254528820 0.0000000000
2457447.9289300321 0.0000000000
2457447.9324071817 0.0000000000
2457447.9358843318 0.0000000000
2457447.9393614819 0.0000000000
2457447.9428386320 0.0000000000
2457447.9463157817 0.0000000000
2457447.9497929318 0.0000000000
2457447.9532700819 0.0000000000
2457447.9567472320 0.0000000000
2457447.9602243816 0.0000000000
2457447.9637015318 0.0000000000
2457447.9671786819 0.0000000000
2457447.9706558320 0.0000000000
2457447.9741329816 0.0000000000
2457447.9776101317 0.0000000000
2457447.9810872818 0.0000000000
2457447.9845644319 0.0000000000
2457447.9880415816 0.0000000000
2457447.9915187317 0.0000000000
2457447.9949958818 0.0000000000
2457447.9984730319 0.0000000000
2457448.0019501816 0.0000000000
2457448.0054273317 0.0000000000
2457448.0089044818 0.0000000000
2457448.0123816319 0.0000000000
2457448.0158587815 0.0000000000
2457448.0193359316 0.0000000000
2457448.0228130817 0.0000000000
2457448.0262902318 0.0000000000
2457448.0297673815 0.0000000000
2457448.0332445316 0.0000000000
2457448.0367216817 0.0000000000
2457448.0401988318 0.0000000000
2457448.0436759815 0.0000000000
2457448.0471531316 0.0000000000
2457448.0506302817 0.0000000000
2457448.0541074318 0.0000000000
2457448.0575845814 0.0000000000
2457448.0610617315 0.0000000000
2457448.0645388816 0.0000000000
2457448.0680160318 0.0000000000
2457448.0714931814 0.0000000000
2457448.0749703315 0.0000000000
2457448.0784474816 0.0000000000
2457448.0819246317 0.0000000000
2457448.0854017814 0.0000000000
2457448.0888789315 0.0000000000
2457448.0923560816 0.0000000000
2457448.0958332317 0.0000000000
2457448.0993103813 0.0000000000
2457448.1027875314 0.0000000000
2457448.1062646816 0.0000000000
2457448.1097418317 0.0000000000
2457448.1132189813 0.0000000000
2457448.1166961314 0.0000000000
2457448.1201732815 0.0000000000
2457448.1236504316 0.0000000000
2457448.1271275813 0.0000000000
2457448.1306047314 0.0000000000
2457448.1340818815 0.0000000000
2457448.1375590316 0.0000000000
2457448.1410361812 0.0000000000
2457448.1445133314 0.0000000000
2457448.1479904815 0.0000000000
2457448.1514676316 0.0000000000
2457448.1549447812 0.0000000000
2457448.1584219313 0.0000000000
2457448.1618990814 0.0000000000
2457448.1653762315 0.0000000000
2457448.1688533812 0.0000000000
2457448.1723305313 0.0000000000
2457448.1758076814 0.0000000000
2457448.1792848315 0.0000000000
2457448.1827619812 0.0000000000
2457448.1862391313 0.0000000000
2457448.1897162814 0.0000000000
2457448.1931934315 0.0000000000
2457448.1966705811 0.0000000000
2457448.2001477312 0.0000000000
2457448.2036248813 0.0000000000
2457448.2071020314 0.0000000000
2457448.2105791811 0.0000000000
2457448.2140563312 0.0000000000
2457448.2175334813 0.0000000000
2457448.2210106314 0.0000000000
2457448.2244877811 0.0000000000
2457448.2279649312 0.0000000000
2457448.2314420813 0.0000000000
2457448.2349192314 0.0000000000
2457448.2383963810 0.0000000000
2457448.2418735311 0.0000000000
2457448.2453506812 0.0000000000
2457448.2488278314 0.0000000000
2457448.2523049810 0.0000000000
2457448.2557821311 0.0000000000
2457448.2592592812 0.0000000000
2457448.2627364313 0.0000000000
2457448.2662135810 0.0000000000
2457448.2696907311 0.0000000000
2457448.2731678812 0.0000000000
2457448.2766450313 0.0000000000
2457448.2801221809 0.0000000000
2457448.2835993310 0.0000000000
2457448.2870764812 0.0000000000
2457448.2905536313 0.0000000000
2457448.2940307809 0.0000000000
2457448.2975079310 0.0000000000
2457448.3009850811 0.0000000000
2457448.3044622312 0.0000000000
2457448.3079393809 0.0000000000
2457448.3114165310 0.0000000000
2457448.3148936811 0.0000000000
2457448.3183708312 0.0000000000
2457448.3218479808 0.0000000000
2457448.3253251310 0.0000000000
2457448.3288022811 0.0000000000
2457448.3322794312 0.0000000000
2457448.3357565808 0.0000000000
2457448.3392337309 0.0000000000
2457448.3427108810 0.0000000000
2457448.3461880311 0.0000000000
2457448.3496651808 0.0000000000
2457448.3531423309 0.0000000000
2457448.3566194810 0.0000000000
2457448.3600966311 0.0000000000
2457448.3635737807 0.0000000000
2457448.3670509309 0.0000000000
2457448.3705280810 0.0000000000
2457448.3740052311 0.0000000000
2457448.3774823807 0.0000000000
2457448.3809595308 0.0000000000
2457448.3844366809 0.0000000000
2457448.3879138310 0.0000000000
2457448.3913909807 0.0000000000
2457448.3948681308 0.0000000000
2457448.3983452809 0.0000000000
2457448.4018224310 0.0000000000
2457448.4052995807 0.0000000000
2457448.4087767308 0.0000000000
2457448.4122538809 0.0000000000
2457448.4157310310 0.0000000000
2457448.4192081806 0.0000000000
2457448.4226853307 0.0000000000
2457448.4261624808 0.0000000000
2457448.4296396310 0.0000000000
2457448.4331167806 0.0000000000
2457448.4365939307 0.0000000000
2457448.4400710808 0.0000000000
2457448.4435482309 0.0000000000
2457448.4470253806 0.0000000000
2457448.4505025307 0.0000000000
2457448.4539796808 0.0000000000
2457448.4574568309 0.0000000000
2457448.4609339805 0.0000000000
2457448.4644111306 0.0000000000
2457448.4678882807 0.0000000000
2457448.4713654309 0.0000000000
2457448.4748425805 0.0000000000
2457448.4783197306 0.0000000000
2457448.4817968807 0.0000000000
2457448.4852740308 0.0000000000
2457448.4887511805 0.0000000000
2457448.4922283306 0.0000000000
2457448.4957054807 0.0000000000
2457448.4991826308 0.0000000000
2457448.5026597804 0.0000000000
2457448.5061369305 0.0000000000
2457448.5096140807 0.0000000000
2457448.5130912308 0.0000000000
2457448.5165683804 0.0000000000
2457448.5200455305 0.0000000000
2457448.5235226806 0.0000000000
2457448.5269998307 0.0000000000
2457448.5304769804 0.0000000000
2457448.5339541305 0.0000000000
2457448.5374312806 0.0000000000
2457448.5409084307 0.0000000000
2457448.5443855803 0.0000000000
2457448.5478627305 0.0000000000
2457448.5513398806 0.0000000000
2457448.5548170307 0.0000000000
2457448.5582941803 0.0000000000
2457448.5617713304 0.0000000000
2457448.5652484805 0.0000000000
2457448.5687256306 0.0000000000
2457448.5722027803 0.0000000000
2457448.5756799304 0.0000000000
2457448.5791570805 0.0000000000
2457448.5826342306 0.0000000000
2457448.5861113803 0.0000000000
2457448.5895885304 0.0000000000
2457448.5930656805 0.0000000000
2457448.5965428306 0.0000000000
2457448.6000199802 0.0000000000
2457448.6034971303 0.0000000000
2457448.6069742804 0.0000000000
2457448.6104514305 0.0000000000
2457448.6139285802 0.0000000000
2457448.6174057303 0.0000000000
2457448.6208828804 0.0000000000
2457448.6243600305 0.0000000000
2457448.6278371802 0.0000000000
2457448.6313143303 0.0000000000
2457448.6347914804 0.0000000000
2457448.6382686305 0.0000000000
2457448.6417457801 0.0000000000
2457448.6452229302 0.0000000000
2457448.6487000803 0.0000000000
2457448.6521772305 0.0000000000
2457448.6556543801 0.0000000000
2457448.6591315302 0.0000000000
2457448.6626086803 0.0000000000
2457448.6660858304 0.0000000000
2457448.6695629801 0.0000000000
2457448.6730401302 0.0000000000
2457448.6765172803 0.0000000000
2457448.6799944304 0.0000000000
2457448.6834715800 0.0000000000
2457448.6869487301 0.0000000000
2457448.6904258803 0.0000000000
2457448.6939030304 0.0000000000
2457448.6973801800 0.0000000000
2457448.7008573301 0.0000000000
2457448.7043344802 0.0000000000
2457448.7078116303 0.0000000000
2457448.7112887800 0.0000000000
2457448.7147659301 0.0000000000
2457448.7182430802 0.0000000000
2457448.7217202303 0.0000000000
2457448.7251973799 0.0000000000
2457448.7286745301 0.0000000000
2457448.7321516802 0.0000000000
2457448.7356288303 0.0000000000
2457448.7391059799 0.0000000000
2457448.7425831300 0.0000000000
2457448.7460602801 0.0000000000
2457448.7495374302 0.0000000000
2457448.7530145799 0.0000000000
2457448.7564917300 0.0000000000
2457448.7599688801 0.0000000000
2457448.7634460302 0.0000000000
2457448.7669231798 0.0000000000
2457448.7704003300 0.0000000000
2457448.7738774801 0.0000000000
2457448.7773546302 0.0000000000
2457448.7808317798 0.0000000000
2457448.7843089299 0.0000000000
2457448.7877860800 0.0000000000
2457448.7912632301 0.0000000000
2457448.7947403803 0.0000000000
2457448.7982175299 0.0000000000
2457448.8016946800 0.0000000000
2457448.8051718301 0.0000000000
2457448.8086489802 0.0000000000
2457448.8121261299 0.0000000000
2457448.8156032800 0.0000000000
2457448.8190804301 0.0000000000
2457448.8225575802 0.0000000000
2457448.8260347298 0.0000000000
2457448.8295118799 0.0000000000
2457448.8329890301 0.0000000000
2457448.8364661802 0.0000000000
2457448.8399433298 0.0000000000
2457448.8434204799 0.0000000000
2457448.8468976300 0.0000000000
2457448.8503747801 0.0000000000
2457448.8538519298 -0.0000600967
2457448.8573290799 -0.0001788983
2457448.8608062300 -0.0001850665
2457448.8642833801 -0.0001890336
2457448.8677605297 -0.0001919082
2457448.8712376799 -0.0001941052
2457448.8747148300 -0.0001958352
2457448.8781919801 -0.0001972229
2457448.8816691297 -0.0001983496
2457448.8851462798 -0.0001992713
2457448.8886234299 -0.0002000289
2457448.8921005800 -0.0002006529
2457448.8955777297 -0.0002011667
2457448.8990548798 -0.0002015885
2457448.9025320299 -0.0002019329
2457448.9060091800 -0.0002022113
2457448.9094863296 -0.0002024326
2457448.9129634798 -0.0002026042
2457448.9164406299 -0.0002027314
2457448.9199177800 -0.0002028182
2457448.9233949296 -0.0002028674
2457448.9268720797 -0.0002028806
2457448.9303492298 -0.0002028582
2457448.9338263799 -0.0002027994
2457448.9373035296 -0.0002027024
2457448.9407806797 -0.0002025643
2457448.9442578298 -0.0002023807
2457448.9477349799 -0.0002021459
2457448.9512121296 -0.0002018526
2457448.9546892797 -0.0002014918
2457448.9581664298 -0.0002010521
2457448.9616435799 -0.0002005194
2457448.9651207295 -0.0001998764
2457448.9685978796 -0.0001991013
2457448.9720750297 -0.0001981666
2457448.9755521799 -0.0001970366
2457448.9790293295 -0.0001956637
2457448.9825064796 -0.0001939822
2457448.9859836297 -0.0001918956
2457448.9894607798 -0.0001892508
2457448.9929379295 -0.0001857714
2457448.9964150796 -0.0001808329
2457448.9998922297 -0.0001717850
2457449.0033693798 0.0000000000
2457449.0068465294 0.0000000000
2457449.0103236795 0.0000000000
2457449.0138008296 0.0000000000
2457449.0172779798 0.0000000000
2457449.0207551294 0.0000000000
2457449.0242322795 0.0000000000
2457449.0277094296 0.0000000000
2457449.0311865797 0.0000000000
2457449.0346637294 0.0000000000
2457449.0381408795 0.0000000000
2457449.0416180296 0.0000000000
2457449.0450951797 0.0000000000
2457449.0485723293 0.0000000000
2457449.0520494794 0.0000000000
2457449.0555266296 0.0000000000
2457449.0590037797 0.0000000000
2457449.0624809293 0.0000000000
2457449.0659580794 0.0000000000
2457449.0694352295 0.0000000000
2457449.0729123796 0.0000000000
2457449.0763895293 0.0000000000
2457449.0798666794 0.0000000000
2457449.0833438295 0.0000000000
2457449.0868209796 0.0000000000
2457449.0902981292 0.0000000000
2457449.0937752794 0.0000000000
2457449.0972524295 0.0000000000
2457449.1007295796 0.0000000000
2457449.1042067292 0.0000000000
2457449.1076838793 0.0000000000
2457449.1111610294 0.0000000000
2457449.1146381795 0.0000000000
2457449.1181153292 0.0000000000
2457449.1215924793 0.0000000000
2457449.1250696294 0.0000000000
2457449.1285467795 0.0000000000
2457449.1320239292 0.0000000000
2457449.1355010793 0.0000000000
2457449.1389782294 0.0000000000
2457449.1424553795 0.0000000000
2457449.1459325291 0.0000000000
2457449.1494096792 0.0000000000
2457449.1528868293 0.0000000000
2457449.1563639794 0.0000000000
2457449.1598411291 0.0000000000
2457449.1633182792 0.0000000000
2457449.1667954293 0.0000000000
2457449.1702725794 0.0000000000
2457449.1737497291 0.0000000000
2457449.1772268792 0.0000000000
2457449.1807040293 0.0000000000
2457449.1841811794 0.0000000000
2457449.1876583290 0.0000000000
2457449.1911354791 0.0000000000
2457449.1946126292 0.0000000000
2457449.1980897794 0.0000000000
2457449.2015669290 0.0000000000
2457449.2050440791 0.0000000000
2457449.2085212292 0.0000000000
2457449.2119983793 0.0000000000
2457449.2154755290 0.0000000000
2457449.2189526791 0.0000000000
2457449.2224298292 0.0000000000
2457449.2259069793 0.0000000000
2457449.2293841289 0.0000000000
2457449.2328612790 0.0000000000
2457449.2363384292 0.0000000000
2457449.2398155793 0.0000000000
2457449.2432927289 0.0000000000
2457449.2467698790 0.0000000000
2457449.2502470291 0.0000000000
2457449.2537241792 0.0000000000
2457449.2572013289 0.0000000000
2457449.2606784790 0.0000000000
2457449.2641556291 0.0000000000
2457449.2676327792 0.0000000000
2457449.2711099288 0.0000000000
2457449.2745870790 0.0000000000
2457449.2780642291 0.0000000000
2457449.2815413792 0.0000000000
2457449.2850185288 0.0000000000
2457449.2884956789 0.0000000000
2457449.2919728290 0.0000000000
2457449.2954499791 0.0000000000
2457449.2989271288 0.0000000000
2457449.3024042789 0.0000000000
2457449.3058814290 0.0000000000
2457449.3093585791 0.0000000000
2457449.3128357287 0.0000000000
2457449.3163128789 0.0000000000
2457449.3197900290 0.0000000000
2457449.3232671791 0.0000000000
2457449.3267443287 0.0000000000
2457449.3302214788 0.0000000000
2457449.3336986289 0.0000000000
2457449.3371757790 0.0000000000
2457449.3406529287 0.0000000000
2457449.3441300788 0.0000000000
2457449.3476072289 0.0000000000
2457449.3510843790 0.0000000000
2457449.3545615287 0.0000000000
2457449.3580386788 0.0000000000
2457449.3615158289 0.0000000000
2457449.3649929790 0.0000000000
2457449.3684701286 0.0000000000
2457449.3719472787 0.0000000000
2457449.3754244288 0.0000000000
2457449.3789015790 0.0000000000
2457449.3823787286 0.0000000000
2457449.3858558787 0.0000000000
2457449.3893330288 0.0000000000
2457449.3928101789 0.0000000000
2457449.3962873286 0.0000000000
2457449.3997644787 0.0000000000
2457449.4032416288 0.0000000000
2457449.4067187789 0.0000000000
2457449.4101959285 0.0000000000
2457449.4136730786 0.0000000000
2457449.4171502287 0.0000000000
2457449.4206273789 0.0000000000
2457449.4241045285 0.0000000000
2457449.4275816786 0.0000000000
2457449.4310588287 0.0000000000
2457449.4345359788 0.0000000000
2457449.4380131285 0.0000000000
2457449.4414902786 0.0000000000
2457449.4449674287 0.0000000000
2457449.4484445788 0.0000000000
2457449.4519217284 0.0000000000
2457449.4553988785 0.0000000000
2457449.4588760287 0.0000000000
2457449.4623531788 0.0000000000
2457449.4658303284 0.0000000000
2457449.4693074785 0.0000000000
2457449.4727846286 0.0000000000
2457449.4762617787 0.0000000000
2457449.4797389284 0.0000000000
2457449.4832160785 0.0000000000
2457449.4866932286 0.0000000000
2457449.4901703787 0.0000000000
2457449.4936475283 0.0000000000
2457449.4971246785 0.0000000000
2457449.5006018286 0.0000000000
2457449.5040789787 0.0000000000
2457449.5075561283 0.0000000000
2457449.5110332784 0.0000000000
2457449.5145104285 0.0000000000
2457449.5179875786 0.0000000000
2457449.5214647283 0.0000000000
2457449.5249418784 0.0000000000
2457449.5284190285 0.0000000000
2457449.5318961786 0.0000000000
2457449.5353733283 0.0000000000
2457449.5388504784 0.0000000000
2457449.5423276285 0.0000000000
2457449.5458047786 0.0000000000
2457449.5492819282 0.0000000000
2457449.5527590783 0.0000000000
2457449.5562362284 0.0000000000
2457449.5597133785 0.0000000000
2457449.5631905282 0.0000000000
2457449.5666676783 0.0000000000
2457449.5701448284 0.0000000000
2457449.5736219785 0.0000000000
2457449.5770991282 0.0000000000
2457449.5805762783 0.0000000000
2457449.5840534284 0.0000000000
2457449.5875305785 0.0000000000
2457449.5910077281 0.0000000000
2457449.5944848782 0.0000000000
2457449.5979620283 0.0000000000
2457449.6014391785 0.0000000000
2457449.6049163281 0.0000000000
2457449.6083934782 0.0000000000
2457449.6118706283 0.0000000000
2457449.6153477784 0.0000000000
2457449.6188249281 0.0000000000
2457449.6223020782 0.0000000000
2457449.6257792283 0.0000000000
2457449.6292563784 0.0000000000
2457449.6327335280 0.0000000000
2457449.6362106781 0.0000000000
2457449.6396878283 0.0000000000
2457449.6431649784 0.0000000000
2457449.6466421280 0.0000000000
2457449.6501192781 0.0000000000
2457449.6535964282 0.0000000000
2457449.6570735783 0.0000000000
2457449.6605507280 0.0000000000
2457449.6640278781 0.0000000000
2457449.6675050282 0.0000000000
2457449.6709821783 0.0000000000
2457449.6744593279 0.0000000000
2457449.6779364781 0.0000000000
2457449.6814136282 0.0000000000
2457449.6848907783 0.0000000000
2457449.6883679279 0.0000000000
2457449.6918450780 0.0000000000
2457449.6953222281 0.0000000000
2457449.6987993782 0.0000000000
2457449.7022765279 0.0000000000
2457449.7057536780 0.0000000000
2457449.7092308281 0.0000000000
2457449.7127079782 0.0000000000
2457449.7161851279 0.0000000000
2457449.7196622780 0.0000000000
2457449.7231394281 0.0000000000
2457449.7266165782 0.0000000000
2457449.7300937278 0.0000000000
2457449.7335708779 0.0000000000
2457449.7370480280 0.0000000000
2457449.7405251781 0.0000000000
2457449.7440023278 0.0000000000
2457449.7474794779 0.0000000000
2457449.7509566280 0.0000000000
2457449.7544337781 0.0000000000
2457449.7579109278 0.0000000000
2457449.7613880779 0.0000000000
2457449.7648652280 0.0000000000
2457449.7683423781 0.0000000000
2457449.7718195277 0.0000000000
2457449.7752966778 0.0000000000
2457449.7787738279 0.0000000000
2457449.7822509781 0.0000000000
2457449.7857281277 0.0000000000
2457449.7892052778 0.0000000000
2457449.7926824279 0.0000000000
2457449.7961595780 0.0000000000
2457449.7996367277 0.0000000000
2457449.8031138778 0.0000000000
2457449.8065910279 0.0000000000
2457449.8100681780 0.0000000000
2457449.8135453276 0.0000000000
2457449.8170224777 0.0000000000
2457449.8204996279 0.0000000000
2457449.8239767780 0.0000000000
2457449.8274539276 0.0000000000
2457449.8309310777 0.0000000000
2457449.8344082278 0.0000000000
2457449.8378853779 0.0000000000
2457449.8413625276 0.0000000000
2457449.8448396777 0.0000000000
2457449.8483168278 0.0000000000
2457449.8517939779 0.0000000000
2457449.8552711275 0.0000000000
2457449.8587482776 0.0000000000
2457449.8622254278 0.0000000000
2457449.8657025779 0.0000000000
2457449.8691797275 0.0000000000
2457449.8726568776 0.0000000000
2457449.8761340277 0.0000000000
2457449.8796111778 0.0000000000
2457449.8830883275 0.0000000000
2457449.8865654776 0.0000000000
2457449.8900426277 0.0000000000
2457449.8935197778 0.0000000000
2457449.8969969274 0.0000000000
2457449.9004740776 0.0000000000
2457449.9039512277 0.0000000000
2457449.9074283778 0.0000000000
2457449.9109055274 0.0000000000
2457449.9143826775 0.0000000000
2457449.9178598276 0.0000000000
2457449.9213369777 0.0000000000
2457449.9248141274 0.0000000000
2457449.9282912775 0.0000000000
2457449.9317684276 0.0000000000
2457449.9352455777 0.0000000000
2457449.9387227274 0.0000000000
2457449.9421998775 0.0000000000
2457449.9456770276 0.0000000000
2457449.9491541777 0.0000000000
2457449.9526313273 0.0000000000
2457449.9561084774 0.0000000000
2457449.9595856275 0.0000000000
2457449.9630627776 0.0000000000
2457449.9665399273 0.0000000000
2457449.9700170774 0.0000000000
2457449.9734942275 0.0000000000
2457449.9769713776 0.0000000000
2457449.9804485273 0.0000000000
2457449.9839256774 0.0000000000
2457449.9874028275 0.0000000000
