2457448.58816933 1.000033
2457448.58886646 1.000033
2457448.58957078 1.000033
2457448.59026821 1.000033
2457448.59096226 1.000033
2457448.59164784 1.000033
2457448.59236492 1.000033
2457448.59303010 1.000033
2457448.59372674 1.000033
2457448.59443873 1.000033
2457448.59512382 1.000033
2457448.59581064 1.000033
2457448.59650901 1.000033
2457448.59721488 1.000033
2457448.59786182 1.000033
2457448.59860031 1.000033
2457448.59928356 1.000033
2457448.59998247 1.000033
2457448.60072520 1.000033
2457448.60137892 1.000033
2457448.60206602 1.000033
2457448.60275565 1.000033
2457448.60345275 1.000033
2457448.60415229 1.000033
2457448.60485293 1.000033
2457448.60554653 1.000033
2457448.60623082 1.000033
2457448.60692079 1.000033
2457448.60762051 1.000033
2457448.60832155 1.000033
2457448.60902736 1.000033
2457448.60970901 1.000033
2457448.61039421 1.000033
2457448.61109103 1.000033
2457448.61179264 1.000033
2457448.61249181 1.000033
2457448.61317761 1.000033
2457448.61386478 1.000033
2457448.61456479 1.000033
2457448.61526349 1.000033
2457448.61596724 1.000033
2457448.61665113 1.000033
2457448.61732921 1.000033
2457448.61803862 1.000033
2457448.61873478 1.000033
2457448.61943490 1.000033
2457448.62013265 1.000033
2457448.62081785 1.000033
2457448.62150666 1.000033
2457448.62220426 1.000033
2457448.62290386 1.000033
2457448.62360276 1.000033
2457448.62429100 1.000033
2457448.62497764 1.000033
2457448.62567802 1.000033
2457448.62637669 1.000033
2457448.62707196 1.000033
2457448.62776131 1.000033
2457448.62844762 1.000033
2457448.62914722 1.000033
2457448.62984684 1.000033
2457448.63054746 1.000033
2457448.63123706 1.000033
2457448.63192260 1.000033
2457448.63261742 1.000033
2457448.63331736 1.000033
2457448.63401689 1.000033
2457448.63471351 1.000033
2457448.63540337 1.000033
2457448.63608823 1.000033
2457448.63678717 1.000033
2457448.63748650 1.000033
2457448.63818702 1.000033
2457448.63887988 1.000033
2457448.63957591 1.000033
2457448.64025855 1.000033
2457448.64095755 1.000033
2457448.64165610 1.000033
2457448.64234377 1.000033
2457448.64303122 1.000033
2457448.64373064 1.000033
2457448.64443090 1.000033
2457448.64512953 1.000033
2457448.64581927 1.000033
2457448.64650845 1.000033
2457448.64720127 1.000033
2457448.64789881 1.000033
2457448.64859801 1.000033
2457448.64930008 1.000033
2457448.64998921 1.000033
2457448.65067408 1.000033
2457448.65137385 1.000033
2457448.65207074 1.000033
2457448.65277009 1.000033
2457448.65345534 1.000033
2457448.65414287 1.000033
2457448.65484131 1.000033
2457448.65554371 1.000033
2457448.65624096 1.000033
2457448.65692291 1.000033
2457448.65761178 1.000033
2457448.65831192 1.000033
2457448.65901302 1.000033
2457448.65971344 1.000033
2457448.66040649 1.000033
2457448.66109348 1.000033
2457448.66178217 1.000033
2457448.66248170 1.000033
2457448.66318126 1.000033
2457448.66388264 1.000033
2457448.66457037 1.000033
2457448.66525597 1.000033
2457448.66595511 1.000033
2457448.66665326 1.000033
2457448.66735358 1.000033
2457448.66803935 1.000033
2457448.66872788 1.000033
2457448.66942678 1.000033
2457448.67012575 1.000033
2457448.67082430 1.000033
2457448.67150476 1.000033
2457448.67220136 1.000033
2457448.67289555 1.000033
2457448.67359548 1.000033
2457448.67429457 1.000033
2457448.67499159 1.000033
2457448.67567598 1.000033
2457448.67636904 1.000033
2457448.67706812 1.000033
2457448.67775931 1.000033
2457448.67846484 1.000033
2457448.67915026 1.000033
2457448.67983832 1.000033
2457448.68053844 1.000033
2457448.68123892 1.000033
2457448.68193740 1.000033
2457448.68262533 1.000033
2457448.68331059 1.000033
2457448.68400915 1.000033
2457448.68470864 1.000033
2457448.68540722 1.000033
2457448.68609685 1.000033
2457448.68678247 1.000033
2457448.68747755 1.000033
2457448.68817888 1.000033
2457448.68887770 1.000033
2457448.68957468 1.000033
2457448.69026271 1.000033
2457448.69095173 1.000033
2457448.69165815 1.000033
2457448.69234988 1.000033
2457448.69304850 1.000033
2457448.69373489 1.000033
2457448.69442277 1.000033
2457448.69512179 1.000033
2457448.69582170 1.000033
2457448.69651813 1.000033
2457448.69720570 1.000033
2457448.69789293 1.000033
2457448.69859108 1.000033
2457448.69929230 1.000033
2457448.69999151 1.000033
2457448.70068170 1.000033
2457448.70136758 1.000033
2457448.70206460 1.000033
2457448.70276196 1.000033
2457448.70346072 1.000033
2457448.70415904 1.000033
2457448.70484610 1.000033
2457448.70553603 1.000033
2457448.70623490 1.000033
2457448.70693242 1.000033
2457448.70762878 1.000033
2457448.70831670 1.000033
2457448.70900333 1.000033
2457448.70970395 1.000033
2457448.71040875 1.000033
2457448.71110483 1.000033
2457448.71179089 1.000033
2457448.71247354 1.000033
2457448.71317293 1.000033
2457448.71387265 1.000033
2457448.71457398 1.000033
2457448.71526502 1.000033
2457448.71595220 1.000033
2457448.71664660 1.000033
2457448.71734297 1.000033
2457448.71804273 1.000033
2457448.71873705 1.000033
2457448.71943064 1.000033
2457448.72011870 1.000033
2457448.72081713 1.000033
2457448.72151589 1.000033
2457448.72221342 1.000033
2457448.72290082 1.000033
2457448.72358667 1.000033
2457448.72428633 1.000033
2457448.72498609 1.000033
2457448.72568733 1.000033
2457448.72637355 1.000033
2457448.72706055 1.000033
2457448.72775971 1.000033
2457448.72845640 1.000033
2457448.72915622 1.000033
2457448.72984776 1.000033
2457448.73053782 1.000033
2457448.73122954 1.000033
2457448.73192837 1.000033
2457448.73262546 1.000033
2457448.73332607 1.000033
2457448.73401494 1.000033
2457448.73469976 1.000033
2457448.73539946 1.000033
2457448.73609915 1.000033
2457448.73680018 1.000033
2457448.73748606 1.000033
2457448.73817158 1.000033
2457448.73887172 1.000033
2457448.73956975 1.000033
2457448.74026952 1.000033
2457448.74095357 1.000033
2457448.74164269 1.000033
2457448.74234038 1.000033
2457448.74303898 1.000033
2457448.74374001 1.000033
2457448.74443453 1.000033
2457448.74512389 1.000033
2457448.74581327 1.000033
2457448.74651308 1.000033
2457448.74720967 1.000033
2457448.74790860 1.000033
2457448.74859592 1.000033
2457448.74928188 1.000033
2457448.74998046 1.000033
2457448.75068294 1.000033
2457448.75138242 1.000033
2457448.75206762 1.000033
2457448.75275386 1.000033
2457448.75345117 1.000033
2457448.75415229 1.000033
2457448.75485200 1.000033
2457448.75554078 1.000033
2457448.75622973 1.000033
2457448.75692621 1.000033
2457448.75762563 1.000033
2457448.75832269 1.000033
2457448.75901804 1.000033
2457448.75970706 1.000033
2457448.76039510 1.000033
2457448.76109638 1.000033
2457448.76179370 1.000033
2457448.76249158 1.000033
2457448.76317622 1.000033
2457448.76386429 1.000033
2457448.76456423 1.000033
2457448.76526468 1.000033
2457448.76596352 1.000033
2457448.76665087 1.000033
2457448.76733728 1.000033
2457448.76803466 1.000033
2457448.76873447 1.000033
2457448.76943347 1.000033
2457448.77012565 1.000033
2457448.77081341 1.000033
2457448.77150852 1.000033
2457448.77220737 1.000033
2457448.77290433 1.000033
2457448.77360400 1.000033
2457448.77429002 1.000033
2457448.77497780 1.000033
2457448.77567767 1.000033
2457448.77637851 1.000033
2457448.77707670 1.000033
2457448.77776635 1.000033
2457448.77844951 1.000033
2457448.77914806 1.000033
2457448.77984945 1.000033
2457448.78054858 1.000033
2457448.78123388 1.000033
2457448.78192147 1.000033
2457448.78262151 1.000033
2457448.78332047 1.000033
2457448.78401788 1.000033
2457448.78470916 1.000033
2457448.78539781 1.000033
2457448.78609132 1.000033
2457448.78678967 1.000033
2457448.78749138 1.000033
2457448.78819017 1.000033
2457448.78887446 1.000033
2457448.78956189 1.000033
2457448.79026109 1.000033
2457448.79096096 1.000033
2457448.79165938 1.000033
2457448.79234774 1.000033
2457448.79303193 1.000033
2457448.79373015 1.000033
2457448.79443168 1.000033
2457448.79513076 1.000033
2457448.79581909 1.000033
2457448.79650432 1.000033
2457448.79720386 1.000033
2457448.79790111 1.000033
2457448.79859973 1.000033
2457448.79929331 1.000033
2457448.79998083 1.000033
2457448.80067557 1.000033
2457448.80137409 1.000033
2457448.80207179 1.000033
2457448.80276799 1.000033
2457448.80345657 1.000033
2457448.80414304 1.000033
2457448.80484306 1.000033
2457448.80554237 1.000033
2457448.80624054 1.000033
2457448.80692779 1.000033
2457448.80761270 1.000033
2457448.80831214 1.000033
2457448.80901340 1.000033
2457448.80971321 1.000033
2457448.81039930 1.000033
2457448.81108641 1.000033
2457448.81178586 1.000033
2457448.81248470 1.000033
2457448.81318425 1.000033
2457448.81387608 1.000033
2457448.81456459 1.000033
2457448.81525571 1.000033
2457448.81595658 1.000033
2457448.81665495 1.000033
2457448.81735252 1.000033
2457448.81804028 1.000033
2457448.81872593 1.000033
2457448.81942583 1.000033
2457448.82012514 1.000033
2457448.82082596 1.000033
2457448.82151102 1.000033
2457448.82219815 1.000033
2457448.82289901 1.000033
2457448.82359554 1.000033
2457448.82430189 1.000033
2457448.82498227 1.000033
2457448.82567217 1.000033
2457448.82636898 1.000033
2457448.82706774 1.000033
2457448.82776449 1.000033
2457448.82846296 1.000033
2457448.82915198 1.000033
2457448.82983905 1.000033
2457448.83053867 1.000033
2457448.83123806 1.000033
2457448.83193909 1.000033
2457448.83262780 1.000033
2457448.83331056 1.000033
2457448.83401013 1.000033
2457448.83470873 1.000033
2457448.83540866 1.000033
2457448.83609391 1.000033
2457448.83678189 1.000033
2457448.83748199 1.000033
2457448.83818018 1.000033
2457448.83887897 1.000033
2457448.83956911 1.000033
2457448.84025840 1.000033
2457448.84095246 1.000033
2457448.84165176 1.000033
2457448.84235078 1.000033
2457448.84305052 1.000033
2457448.84373541 1.000033
2457448.84442107 1.000033
2457448.84512299 1.000033
2457448.84582201 1.000033
2457448.84652170 1.000033
2457448.84720704 1.000033
2457448.84789498 1.000033
2457448.84859269 1.000033
2457448.84929165 1.000033
2457448.84999089 1.000033
2457448.85067790 1.000033
2457448.85136708 1.000033
2457448.85206539 1.000033
2457448.85276474 1.000016
2457448.85346164 0.999951
2457448.85415345 0.999885
2457448.85484139 0.999866
2457448.85553445 0.999863
2457448.85623560 0.999861
2457448.85693530 0.999860
2457448.85763306 0.999858
2457448.85831567 0.999857
2457448.85900353 0.999856
2457448.85970333 0.999855
2457448.86040396 0.999854
2457448.86110299 0.999853
2457448.86179028 0.999852
2457448.86247635 0.999852
2457448.86317377 0.999851
2457448.86387372 0.999850
2457448.86457086 0.999850
2457448.86526007 0.999849
2457448.86594767 0.999849
2457448.86664748 0.999848
2457448.86734645 0.999848
2457448.86804334 0.999847
2457448.86873832 0.999847
2457448.86942430 0.999846
2457448.87011673 0.999846
2457448.87081671 0.999846
2457448.87151727 0.999845
2457448.87221627 0.999845
2457448.87290489 0.999845
2457448.87358880 0.999844
2457448.87428714 0.999844
2457448.87498687 0.999844
2457448.87568114 0.999843
2457448.87637346 0.999843
2457448.87706082 0.999843
2457448.87776073 0.999843
2457448.87845958 0.999842
2457448.87915456 0.999842
2457448.87984445 0.999842
2457448.88053216 0.999842
2457448.88122949 0.999842
2457448.88192910 0.999841
2457448.88263062 0.999841
2457448.88332444 0.999841
2457448.88400889 0.999841
2457448.88470111 0.999841
2457448.88540006 0.999841
2457448.88610014 0.999840
2457448.88679887 0.999840
2457448.88748652 0.999840
2457448.88817116 0.999840
2457448.88886929 0.999840
2457448.88956997 0.999840
2457448.89026519 0.999840
2457448.89095837 0.999839
2457448.89164319 0.999839
2457448.89234254 0.999839
2457448.89304109 0.999839
2457448.89373975 0.999839
2457448.89442867 0.999839
2457448.89511561 0.999839
2457448.89581278 0.999839
2457448.89651241 0.999839
2457448.89721147 0.999839
2457448.89790591 0.999839
2457448.89859424 0.999838
2457448.89928397 0.999838
2457448.89998288 0.999838
2457448.90068239 0.999838
2457448.90138167 0.999838
2457448.90207032 0.999838
2457448.90275531 0.999838
2457448.90345420 0.999838
2457448.90415271 0.999838
2457448.90485293 0.999838
2457448.90553987 0.999838
2457448.90622643 0.999838
2457448.90692597 0.999838
2457448.90762303 0.999838
2457448.90832195 0.999838
2457448.90901160 0.999838
2457448.90969990 0.999838
2457448.91041630 0.999838
2457448.91109598 0.999838
2457448.91179542 0.999838
2457448.91249265 0.999838
2457448.91318311 0.999837
2457448.91386612 0.999837
2457448.91456563 0.999837
2457448.91526618 0.999837
2457448.91596592 0.999837
2457448.91665469 0.999837
2457448.91733957 0.999837
2457448.91803889 0.999837
2457448.91873552 0.999837
2457448.91943284 0.999837
2457448.92011932 0.999837
2457448.92080702 0.999837
2457448.92150990 0.999837
2457448.92220680 0.999837
2457448.92290904 0.999837
2457448.92359820 0.999837
2457448.92428456 0.999837
2457448.92497877 0.999837
2457448.92567931 0.999837
2457448.92637838 0.999837
2457448.92707903 0.999837
2457448.92776580 0.999837
2457448.92844816 0.999837
2457448.92914965 0.999837
2457448.92984885 0.999837
2457448.93054840 0.999837
2457448.93123391 0.999837
2457448.93192160 0.999837
2457448.93262082 0.999837
2457448.93331902 0.999837
2457448.93401912 0.999837
2457448.93470409 0.999837
2457448.93539080 0.999837
2457448.93609263 0.999837
2457448.93679341 0.999837
2457448.93749084 0.999837
2457448.93818249 0.999837
2457448.93887193 0.999837
2457448.93956547 0.999838
2457448.94026076 0.999838
2457448.94096127 0.999838
2457448.94166201 0.999838
2457448.94234757 0.999838
2457448.94304399 0.999838
2457448.94373361 0.999838
2457448.94441688 0.999838
2457448.94513454 0.999838
2457448.94581814 0.999838
2457448.94650413 0.999838
2457448.94720387 0.999838
2457448.94790472 0.999838
2457448.94860307 0.999838
2457448.94928866 0.999838
2457448.94997789 0.999838
2457448.95066007 0.999838
2457448.95137367 0.999838
2457448.95207095 0.999838
2457448.95277148 0.999838
2457448.95345376 0.999838
2457448.95414314 0.999839
2457448.95483929 0.999839
2457448.95557360 0.999839
2457448.95624274 0.999839
2457448.95693610 0.999839
2457448.95761746 0.999839
2457448.95831376 0.999839
2457448.95906168 0.999839
2457448.95971265 0.999839
2457448.96039767 0.999839
2457448.96108675 0.999839
2457448.96178754 0.999840
2457448.96248651 0.999840
2457448.96318220 0.999840
2457448.96387315 0.999840
2457448.96455270 0.999840
2457448.96525756 0.999840
2457448.96595832 0.999840
2457448.96665730 0.999841
2457448.96735458 0.999841
2457448.96804183 0.999841
2457448.96872872 0.999841
2457448.96943422 0.999841
2457448.97012702 0.999841
2457448.97081015 0.999842
2457448.97152726 0.999842
2457448.97220167 0.999842
2457448.97290058 0.999842
2457448.97360029 0.999842
2457448.97429697 0.999843
2457448.97498212 0.999843
2457448.97566915 0.999843
2457448.97637022 0.999843
2457448.97706999 0.999844
2457448.97777028 0.999844
2457448.97846048 0.999844
2457448.97914393 0.999844
2457448.97981639 0.999845
2457448.98056300 0.999845
2457448.98123924 0.999845
2457448.98193730 0.999846
2457448.98262494 0.999846
2457448.98331224 0.999846
2457448.98401351 0.999847
2457448.98471074 0.999847
2457448.98540972 0.999848
2457448.98609551 0.999848
2457448.98679646 0.999849
2457448.98740283 0.999849
