2457448.58816933 -0.000198 0.000370
2457448.58886646 -0.000624 0.000370
2457448.58957078 0.000635 0.000370
2457448.59026821 0.000586 0.000370
2457448.59096226 -0.000017 0.000370
2457448.59164784 0.000009 0.000370
2457448.59236492 0.000353 0.000370
2457448.59303010 -0.000573 0.000370
2457448.59372674 0.000471 0.000370
2457448.59443873 -0.000485 0.000370
2457448.59512382 0.000488 0.000370
2457448.59581064 0.000448 0.000370
2457448.59650901 -0.000025 0.000370
2457448.59721488 0.000649 0.000370
2457448.59786182 0.000620 0.000370
2457448.59860031 0.000312 0.000370
2457448.59928356 0.000292 0.000370
2457448.59998247 -0.000417 0.000370
2457448.60072520 0.000260 0.000370
2457448.60137892 0.000188 0.000370
2457448.60206602 -0.000211 0.000370
2457448.60275565 -0.000178 0.000370
2457448.60345275 -0.000077 0.000370
2457448.60415229 0.000355 0.000370
2457448.60485293 0.000333 0.000370
2457448.60554653 0.000001 0.000370
2457448.60623082 0.000106 0.000370
2457448.60692079 0.000062 0.000370
2457448.60762051 -0.000267 0.000370
2457448.60832155 -0.000246 0.000370
2457448.60902736 -0.000140 0.000370
2457448.60970901 -0.000133 0.000370
2457448.61039421 0.000376 0.000370
2457448.61109103 -0.000167 0.000370
2457448.61179264 -0.000904 0.000370
2457448.61249181 -0.000979 0.000370
2457448.61317761 -0.000281 0.000370
2457448.61386478 0.000375 0.000370
2457448.61456479 0.000328 0.000370
2457448.61526349 0.000064 0.000370
2457448.61596724 0.000213 0.000370
2457448.61665113 0.000367 0.000370
2457448.61732921 0.000326 0.000370
2457448.61803862 0.000180 0.000370
2457448.61873478 -0.000147 0.000370
2457448.61943490 -0.000020 0.000370
2457448.62013265 0.000564 0.000370
2457448.62081785 -0.000130 0.000370
2457448.62150666 -0.000331 0.000370
2457448.62220426 -0.000609 0.000370
2457448.62290386 0.000185 0.000370
2457448.62360276 0.000512 0.000370
2457448.62429100 0.000096 0.000370
2457448.62497764 0.000229 0.000370
2457448.62567802 0.000300 0.000370
2457448.62637669 0.000481 0.000370
2457448.62707196 0.000308 0.000370
2457448.62776131 0.000761 0.000370
2457448.62844762 -0.000178 0.000370
2457448.62914722 0.000051 0.000370
2457448.62984684 -0.000678 0.000370
2457448.63054746 0.000149 0.000370
2457448.63123706 -0.000268 0.000370
2457448.63192260 0.000128 0.000370
2457448.63261742 -0.000416 0.000370
2457448.63331736 0.000481 0.000370
2457448.63401689 0.000007 0.000370
2457448.63471351 -0.000847 0.000370
2457448.63540337 -0.000350 0.000370
2457448.63608823 -0.000450 0.000370
2457448.63678717 -0.000402 0.000370
2457448.63748650 0.000044 0.000370
2457448.63818702 0.000038 0.000370
2457448.63887988 0.000201 0.000370
2457448.63957591 0.000302 0.000370
2457448.64025855 -0.000093 0.000370
2457448.64095755 -0.000933 0.000370
2457448.64165610 -0.000128 0.000370
2457448.64234377 -0.000175 0.000370
2457448.64303122 0.000189 0.000370
2457448.64373064 -0.000115 0.000370
2457448.64443090 -0.000552 0.000370
2457448.64512953 -0.000160 0.000370
2457448.64581927 0.000068 0.000370
2457448.64650845 -0.000303 0.000370
2457448.64720127 -0.000161 0.000370
2457448.64789881 0.000536 0.000370
2457448.64859801 0.000328 0.000370
2457448.64930008 -0.000031 0.000370
2457448.64998921 -0.000113 0.000370
2457448.65067408 0.000232 0.000370
2457448.65137385 -0.000197 0.000370
2457448.65207074 -0.000586 0.000370
2457448.65277009 0.000850 0.000370
2457448.65345534 0.000207 0.000370
2457448.65414287 -0.000602 0.000370
2457448.65484131 0.000296 0.000370
2457448.65554371 0.000636 0.000370
2457448.65624096 -0.000573 0.000370
2457448.65692291 -0.000202 0.000370
2457448.65761178 0.000032 0.000370
2457448.65831192 -0.000243 0.000370
2457448.65901302 0.000285 0.000370
2457448.65971344 0.000381 0.000370
2457448.66040649 -0.000140 0.000370
2457448.66109348 -0.000526 0.000370
2457448.66178217 -0.000141 0.000370
2457448.66248170 -0.000463 0.000370
2457448.66318126 -0.000380 0.000370
2457448.66388264 -0.000020 0.000370
2457448.66457037 0.000116 0.000370
2457448.66525597 0.000019 0.000370
2457448.66595511 -0.000669 0.000370
2457448.66665326 -0.000282 0.000370
2457448.66735358 -0.000271 0.000370
2457448.66803935 0.000111 0.000370
2457448.66872788 -0.000044 0.000370
2457448.66942678 0.000120 0.000370
2457448.67012575 0.000486 0.000370
2457448.67082430 -0.000135 0.000370
2457448.67150476 -0.000158 0.000370
2457448.67220136 0.000460 0.000370
2457448.67289555 0.000514 0.000370
2457448.67359548 0.000246 0.000370
2457448.67429457 0.000366 0.000370
2457448.67499159 -0.000062 0.000370
2457448.67567598 -0.000178 0.000370
2457448.67636904 -0.000138 0.000370
2457448.67706812 0.000431 0.000370
2457448.67775931 -0.000141 0.000370
2457448.67846484 -0.000011 0.000370
2457448.67915026 -0.000020 0.000370
2457448.67983832 -0.000017 0.000370
2457448.68053844 0.000251 0.000370
2457448.68123892 0.000175 0.000370
2457448.68193740 -0.000041 0.000370
2457448.68262533 -0.000510 0.000370
2457448.68331059 0.000400 0.000370
2457448.68400915 -0.000057 0.000370
2457448.68470864 -0.000028 0.000370
2457448.68540722 -0.000144 0.000370
2457448.68609685 0.000185 0.000370
2457448.68678247 -0.000168 0.000370
2457448.68747755 -0.000109 0.000370
2457448.68817888 -0.000372 0.000370
2457448.68887770 0.000687 0.000370
2457448.68957468 -0.000472 0.000370
2457448.69026271 -0.000155 0.000370
2457448.69095173 0.000231 0.000370
2457448.69165815 -0.000114 0.000370
2457448.69234988 -0.000203 0.000370
2457448.69304850 0.000176 0.000370
2457448.69373489 0.000299 0.000370
2457448.69442277 -0.000186 0.000370
2457448.69512179 0.000328 0.000370
2457448.69582170 -0.000312 0.000370
2457448.69651813 0.000200 0.000370
2457448.69720570 0.000032 0.000370
2457448.69789293 -0.000344 0.000370
2457448.69859108 -0.000492 0.000370
2457448.69929230 -0.000014 0.000370
2457448.69999151 -0.000549 0.000370
2457448.70068170 -0.000603 0.000370
2457448.70136758 0.000286 0.000370
2457448.70206460 -0.000285 0.000370
2457448.70276196 0.000053 0.000370
2457448.70346072 -0.000498 0.000370
2457448.70415904 -0.000149 0.000370
2457448.70484610 -0.000284 0.000370
2457448.70553603 0.000339 0.000370
2457448.70623490 -0.000352 0.000370
2457448.70693242 0.000102 0.000370
2457448.70762878 -0.000020 0.000370
2457448.70831670 0.000226 0.000370
2457448.70900333 -0.000105 0.000370
2457448.70970395 0.000171 0.000370
2457448.71040875 0.000005 0.000370
2457448.71110483 0.000119 0.000370
2457448.71179089 0.000109 0.000370
2457448.71247354 0.000246 0.000370
2457448.71317293 -0.000016 0.000370
2457448.71387265 -0.000371 0.000370
2457448.71457398 0.000144 0.000370
2457448.71526502 -0.000655 0.000370
2457448.71595220 -0.000018 0.000370
2457448.71664660 0.000040 0.000370
2457448.71734297 -0.000338 0.000370
2457448.71804273 0.000076 0.000370
2457448.71873705 -0.000428 0.000370
2457448.71943064 -0.000166 0.000370
2457448.72011870 -0.001232 0.000370
2457448.72081713 0.000018 0.000370
2457448.72151589 -0.000003 0.000370
2457448.72221342 -0.000433 0.000370
2457448.72290082 0.000381 0.000370
2457448.72358667 0.000465 0.000370
2457448.72428633 0.000007 0.000370
2457448.72498609 -0.000039 0.000370
2457448.72568733 0.000130 0.000370
2457448.72637355 0.000530 0.000370
2457448.72706055 0.000046 0.000370
2457448.72775971 0.000017 0.000370
2457448.72845640 0.000163 0.000370
2457448.72915622 -0.000327 0.000370
2457448.72984776 -0.000811 0.000370
2457448.73053782 -0.000135 0.000370
2457448.73122954 0.000209 0.000370
2457448.73192837 0.000512 0.000370
2457448.73262546 0.000485 0.000370
2457448.73332607 0.000375 0.000370
2457448.73401494 -0.000309 0.000370
2457448.73469976 0.000047 0.000370
2457448.73539946 -0.000133 0.000370
2457448.73609915 0.000262 0.000370
2457448.73680018 -0.000026 0.000370
2457448.73748606 0.000295 0.000370
2457448.73817158 0.000288 0.000370
2457448.73887172 -0.000350 0.000370
2457448.73956975 -0.000112 0.000370
2457448.74026952 0.000867 0.000370
2457448.74095357 0.000452 0.000370
2457448.74164269 -0.000112 0.000370
2457448.74234038 -0.000124 0.000370
2457448.74303898 0.000001 0.000370
2457448.74374001 -0.000377 0.000370
2457448.74443453 -0.000233 0.000370
2457448.74512389 -0.000076 0.000370
2457448.74581327 0.000360 0.000370
2457448.74651308 0.000101 0.000370
2457448.74720967 0.000344 0.000370
2457448.74790860 0.000416 0.000370
2457448.74859592 -0.001126 0.000370
2457448.74928188 -0.000694 0.000370
2457448.74998046 -0.000542 0.000370
2457448.75068294 -0.000237 0.000370
2457448.75138242 -0.000433 0.000370
2457448.75206762 -0.000350 0.000370
2457448.75275386 -0.000132 0.000370
2457448.75345117 -0.000038 0.000370
2457448.75415229 0.000196 0.000370
2457448.75485200 0.000162 0.000370
2457448.75554078 -0.000072 0.000370
2457448.75622973 -0.000018 0.000370
2457448.75692621 -0.000179 0.000370
2457448.75762563 -0.000220 0.000370
2457448.75832269 0.000145 0.000370
2457448.75901804 0.000253 0.000370
2457448.75970706 -0.000583 0.000370
2457448.76039510 0.000241 0.000370
2457448.76109638 -0.000394 0.000370
2457448.76179370 -0.000330 0.000370
2457448.76249158 0.000472 0.000370
2457448.76317622 0.000092 0.000370
2457448.76386429 0.000262 0.000370
2457448.76456423 -0.000070 0.000370
2457448.76526468 -0.000387 0.000370
2457448.76596352 -0.000017 0.000370
2457448.76665087 0.000457 0.000370
2457448.76733728 -0.000448 0.000370
2457448.76803466 0.000255 0.000370
2457448.76873447 0.000475 0.000370
2457448.76943347 0.000205 0.000370
2457448.77012565 0.000185 0.000370
2457448.77081341 -0.000755 0.000370
2457448.77150852 -0.000222 0.000370
2457448.77220737 -0.000052 0.000370
2457448.77290433 -0.000194 0.000370
2457448.77360400 -0.000224 0.000370
2457448.77429002 0.000320 0.000370
2457448.77497780 0.000240 0.000370
2457448.77567767 -0.000059 0.000370
2457448.77637851 -0.000185 0.000370
2457448.77707670 0.000416 0.000370
2457448.77776635 0.000226 0.000370
2457448.77844951 0.000200 0.000370
2457448.77914806 -0.000161 0.000370
2457448.77984945 0.000036 0.000370
2457448.78054858 0.000141 0.000370
2457448.78123388 0.000175 0.000370
2457448.78192147 0.000455 0.000370
2457448.78262151 0.000414 0.000370
2457448.78332047 -0.000511 0.000370
2457448.78401788 0.000095 0.000370
2457448.78470916 0.000149 0.000370
2457448.78539781 0.000003 0.000370
2457448.78609132 -0.000190 0.000370
2457448.78678967 -0.000174 0.000370
2457448.78749138 -0.000089 0.000370
2457448.78819017 -0.000488 0.000370
2457448.78887446 -0.000615 0.000370
2457448.78956189 0.000217 0.000370
2457448.79026109 0.000235 0.000370
2457448.79096096 0.000637 0.000370
2457448.79165938 0.000002 0.000370
2457448.79234774 0.000459 0.000370
2457448.79303193 -0.000529 0.000370
2457448.79373015 0.000006 0.000370
2457448.79443168 -0.000239 0.000370
2457448.79513076 -0.000018 0.000370
2457448.79581909 -0.000106 0.000370
2457448.79650432 -0.000109 0.000370
2457448.79720386 -0.001148 0.000370
2457448.79790111 -0.000002 0.000370
2457448.79859973 -0.000090 0.000370
2457448.79929331 -0.000164 0.000370
2457448.79998083 -0.000381 0.000370
2457448.80067557 0.000011 0.000370
2457448.80137409 -0.000154 0.000370
2457448.80207179 -0.000107 0.000370
2457448.80276799 0.000280 0.000370
2457448.80345657 0.000275 0.000370
2457448.80414304 -0.000378 0.000370
2457448.80484306 -0.000332 0.000370
2457448.80554237 0.000176 0.000370
2457448.80624054 -0.000241 0.000370
2457448.80692779 -0.000202 0.000370
2457448.80761270 -0.000785 0.000370
2457448.80831214 -0.000285 0.000370
2457448.80901340 0.000166 0.000370
2457448.80971321 0.000457 0.000370
2457448.81039930 0.000365 0.000370
2457448.81108641 0.000416 0.000370
2457448.81178586 -0.000445 0.000370
2457448.81248470 -0.000292 0.000370
2457448.81318425 -0.000428 0.000370
2457448.81387608 -0.000174 0.000370
2457448.81456459 -0.000466 0.000370
2457448.81525571 -0.000168 0.000370
2457448.81595658 0.000278 0.000370
2457448.81665495 0.000316 0.000370
2457448.81735252 -0.000019 0.000370
2457448.81804028 -0.000347 0.000370
2457448.81872593 -0.000012 0.000370
2457448.81942583 -0.000399 0.000370
2457448.82012514 0.000498 0.000370
2457448.82082596 0.000096 0.000370
2457448.82151102 -0.000204 0.000370
2457448.82219815 0.000478 0.000370
2457448.82289901 -0.000143 0.000370
2457448.82359554 0.000077 0.000370
2457448.82430189 0.000113 0.000370
2457448.82498227 -0.000436 0.000370
2457448.82567217 0.000228 0.000370
2457448.82636898 0.000339 0.000370
2457448.82706774 0.000248 0.000370
2457448.82776449 -0.000335 0.000370
2457448.82846296 -0.000216 0.000370
2457448.82915198 -0.000054 0.000370
2457448.82983905 0.000008 0.000370
2457448.83053867 -0.000494 0.000370
2457448.83123806 -0.000157 0.000370
2457448.83193909 -0.000349 0.000370
2457448.83262780 0.000416 0.000370
2457448.83331056 -0.000275 0.000370
2457448.83401013 -0.000303 0.000370
2457448.83470873 -0.000075 0.000370
2457448.83540866 -0.000109 0.000370
2457448.83609391 0.000032 0.000370
2457448.83678189 0.000469 0.000370
2457448.83748199 -0.000146 0.000370
2457448.83818018 -0.000069 0.000370
2457448.83887897 0.000427 0.000370
2457448.83956911 -0.000438 0.000370
2457448.84025840 -0.000120 0.000370
2457448.84095246 0.000375 0.000370
2457448.84165176 0.000247 0.000370
2457448.84235078 -0.000040 0.000370
2457448.84305052 -0.000050 0.000370
2457448.84373541 -0.000237 0.000370
2457448.84442107 0.000365 0.000370
2457448.84512299 0.000220 0.000370
2457448.84582201 -0.000037 0.000370
2457448.84652170 -0.000386 0.000370
2457448.84720704 0.000624 0.000370
2457448.84789498 0.000270 0.000370
2457448.84859269 -0.000007 0.000370
2457448.84929165 -0.000249 0.000370
2457448.84999089 -0.000753 0.000370
2457448.85067790 -0.000048 0.000370
2457448.85136708 0.000566 0.000370
2457448.85206539 0.000246 0.000370
2457448.85276474 0.000657 0.000370
2457448.85346164 0.000077 0.000370
2457448.85415345 0.000376 0.000370
2457448.85484139 0.000632 0.000370
2457448.85553445 0.000269 0.000370
2457448.85623560 0.000667 0.000370
2457448.85693530 0.000044 0.000370
2457448.85763306 0.000079 0.000370
2457448.85831567 -0.000516 0.000370
2457448.85900353 0.000422 0.000370
2457448.85970333 0.000267 0.000370
2457448.86040396 0.000138 0.000370
2457448.86110299 -0.000381 0.000370
2457448.86179028 -0.000368 0.000370
2457448.86247635 -0.000344 0.000370
2457448.86317377 -0.000278 0.000370
2457448.86387372 -0.000621 0.000370
2457448.86457086 0.000156 0.000370
2457448.86526007 -0.000145 0.000370
2457448.86594767 -0.000429 0.000370
2457448.86664748 0.000255 0.000370
2457448.86734645 0.000569 0.000370
2457448.86804334 0.000284 0.000370
2457448.86873832 -0.000342 0.000370
2457448.86942430 0.000526 0.000370
2457448.87011673 0.000160 0.000370
2457448.87081671 0.000060 0.000370
2457448.87151727 -0.000230 0.000370
2457448.87221627 -0.000552 0.000370
2457448.87290489 -0.000487 0.000370
2457448.87358880 -0.000086 0.000370
2457448.87428714 0.000307 0.000370
2457448.87498687 0.000004 0.000370
2457448.87568114 -0.000141 0.000370
2457448.87637346 -0.000561 0.000370
2457448.87706082 -0.000201 0.000370
2457448.87776073 0.000458 0.000370
2457448.87845958 0.000068 0.000370
2457448.87915456 -0.000097 0.000370
2457448.87984445 -0.000499 0.000370
2457448.88053216 -0.000017 0.000370
2457448.88122949 -0.000062 0.000370
2457448.88192910 0.000295 0.000370
2457448.88263062 0.000441 0.000370
2457448.88332444 0.000008 0.000370
2457448.88400889 -0.000277 0.000370
2457448.88470111 -0.000454 0.000370
2457448.88540006 -0.000432 0.000370
2457448.88610014 -0.000654 0.000370
2457448.88679887 -0.000068 0.000370
2457448.88748652 -0.000263 0.000370
2457448.88817116 -0.000421 0.000370
2457448.88886929 -0.000228 0.000370
2457448.88956997 -0.000625 0.000370
2457448.89026519 0.000082 0.000370
2457448.89095837 0.000466 0.000370
2457448.89164319 -0.000642 0.000370
2457448.89234254 -0.000247 0.000370
2457448.89304109 0.000110 0.000370
2457448.89373975 -0.000492 0.000370
2457448.89442867 -0.000219 0.000370
2457448.89511561 -0.000119 0.000370
2457448.89581278 0.000092 0.000370
2457448.89651241 -0.000158 0.000370
2457448.89721147 0.000210 0.000370
2457448.89790591 -0.000726 0.000370
2457448.89859424 0.000091 0.000370
2457448.89928397 0.000420 0.000370
2457448.89998288 -0.000128 0.000370
2457448.90068239 -0.000524 0.000370
2457448.90138167 -0.000205 0.000370
2457448.90207032 -0.000046 0.000370
2457448.90275531 -0.000325 0.000370
2457448.90345420 0.000131 0.000370
2457448.90415271 0.000075 0.000370
2457448.90485293 -0.000472 0.000370
2457448.90553987 -0.000339 0.000370
2457448.90622643 -0.000536 0.000370
2457448.90692597 -0.000690 0.000370
2457448.90762303 0.000157 0.000370
2457448.90832195 -0.000660 0.000370
2457448.90901160 -0.000324 0.000370
2457448.90969990 -0.000661 0.000370
2457448.91041630 0.000777 0.000370
2457448.91109598 -0.000381 0.000370
2457448.91179542 0.000111 0.000370
2457448.91249265 -0.000650 0.000370
2457448.91318311 0.000443 0.000370
2457448.91386612 -0.000169 0.000370
2457448.91456563 -0.000016 0.000370
2457448.91526618 0.000157 0.000370
2457448.91596592 0.000387 0.000370
2457448.91665469 -0.000204 0.000370
2457448.91733957 0.000112 0.000370
2457448.91803889 0.000033 0.000370
2457448.91873552 -0.000088 0.000370
2457448.91943284 0.000056 0.000370
2457448.92011932 0.000146 0.000370
2457448.92080702 0.000274 0.000370
2457448.92150990 0.000218 0.000370
2457448.92220680 0.000463 0.000370
2457448.92290904 0.000107 0.000370
2457448.92359820 -0.000233 0.000370
2457448.92428456 0.000337 0.000370
2457448.92497877 -0.000112 0.000370
2457448.92567931 0.001381 0.000370
2457448.92637838 -0.000142 0.000370
2457448.92707903 0.000252 0.000370
2457448.92776580 -0.000112 0.000370
2457448.92844816 0.000000 0.000370
2457448.92914965 0.000460 0.000370
2457448.92984885 0.000573 0.000370
2457448.93054840 0.000369 0.000370
2457448.93123391 0.000277 0.000370
2457448.93192160 -0.000034 0.000370
2457448.93262082 0.000433 0.000370
2457448.93331902 0.000188 0.000370
2457448.93401912 0.000087 0.000370
2457448.93470409 0.000621 0.000370
2457448.93539080 0.000266 0.000370
2457448.93609263 0.000062 0.000370
2457448.93679341 0.000463 0.000370
2457448.93749084 0.000060 0.000370
2457448.93818249 0.000440 0.000370
2457448.93887193 0.000580 0.000370
2457448.93956547 0.000394 0.000370
2457448.94026076 -0.000734 0.000370
2457448.94096127 0.000265 0.000370
2457448.94166201 -0.000729 0.000370
2457448.94234757 -0.000599 0.000370
2457448.94304399 0.000261 0.000370
2457448.94373361 0.000142 0.000370
2457448.94441688 0.000125 0.000370
2457448.94513454 0.000054 0.000370
2457448.94581814 -0.000188 0.000370
2457448.94650413 0.000110 0.000370
2457448.94720387 0.000253 0.000370
2457448.94790472 0.000186 0.000370
2457448.94860307 -0.000375 0.000370
2457448.94928866 0.000117 0.000370
2457448.94997789 -0.000056 0.000370
2457448.95066007 0.000813 0.000370
2457448.95137367 -0.000351 0.000370
2457448.95207095 0.000163 0.000370
2457448.95277148 0.000209 0.000370
2457448.95345376 0.000018 0.000370
2457448.95414314 0.000285 0.000370
2457448.95483929 0.000433 0.000370
2457448.95557360 0.000442 0.000370
2457448.95624274 0.000261 0.000370
2457448.95693610 -0.000695 0.000370
2457448.95761746 -0.000229 0.000370
2457448.95831376 0.000321 0.000370
2457448.95906168 0.000385 0.000370
2457448.95971265 0.001108 0.000370
2457448.96039767 0.001177 0.000370
2457448.96108675 0.000369 0.000370
2457448.96178754 0.000201 0.000370
2457448.96248651 -0.000190 0.000370
2457448.96318220 0.000137 0.000370
2457448.96387315 0.000293 0.000370
2457448.96455270 -0.000046 0.000370
2457448.96525756 -0.000399 0.000370
2457448.96595832 0.000340 0.000370
2457448.96665730 -0.000299 0.000370
2457448.96735458 -0.000157 0.000370
2457448.96804183 0.000656 0.000370
2457448.96872872 0.000078 0.000370
2457448.96943422 0.000262 0.000370
2457448.97012702 0.000091 0.000370
2457448.97081015 0.000164 0.000370
2457448.97152726 0.000627 0.000370
2457448.97220167 -0.000144 0.000370
2457448.97290058 0.000284 0.000370
2457448.97360029 -0.000512 0.000370
2457448.97429697 0.000500 0.000370
2457448.97498212 0.000055 0.000370
2457448.97566915 -0.000088 0.000370
2457448.97637022 0.000095 0.000370
2457448.97706999 -0.000360 0.000370
2457448.97777028 -0.000436 0.000370
2457448.97846048 0.000638 0.000370
2457448.97914393 0.000136 0.000370
2457448.97981639 -0.000214 0.000370
2457448.98056300 0.000242 0.000370
2457448.98123924 0.000285 0.000370
2457448.98193730 -0.000403 0.000370
2457448.98262494 0.000201 0.000370
2457448.98331224 0.000234 0.000370
2457448.98401351 0.000096 0.000370
2457448.98471074 0.000329 0.000370
2457448.98540972 0.000103 0.000370
2457448.98609551 0.000075 0.000370
2457448.98679646 0.000929 0.000370
2457448.98740283 0.000720 0.000370
