2458356.74454720 1.000009
2458356.74593608 1.000009
2458356.74732496 1.000009
2458356.74871384 1.000009
2458356.75010272 1.000009
2458356.75149160 1.000009
2458356.75288048 1.000009
2458356.75426937 1.000009
2458356.75565825 1.000009
2458356.75704713 1.000009
2458356.75843601 1.000009
2458356.75982489 1.000009
2458356.76121377 1.000009
2458356.76260265 1.000009
2458356.76399153 1.000009
2458356.76538041 1.000009
2458356.76676929 1.000009
2458356.76815817 1.000009
2458356.76954706 1.000009
2458356.77093594 1.000009
2458356.77232482 1.000009
2458356.77371370 1.000009
2458356.77510258 1.000009
2458356.77649146 1.000009
2458356.77788034 1.000009
2458356.77926922 1.000009
2458356.78065810 1.000009
2458356.78204698 1.000009
2458356.78343586 1.000009
2458356.78482474 1.000009
2458356.78621363 1.000009
2458356.78760251 1.000009
2458356.78899139 1.000009
2458356.79038027 1.000009
2458356.79176915 1.000009
2458356.79315803 1.000009
2458356.79454691 1.000009
2458356.79593579 1.000009
2458356.79732467 1.000009
2458356.79871355 1.000009
2458356.80010243 1.000009
2458356.80149131 1.000009
2458356.80288019 1.000009
2458356.80426908 1.000009
2458356.80565796 1.000009
2458356.80704684 1.000009
2458356.80843572 1.000009
2458356.80982460 1.000009
2458356.81121348 1.000009
2458356.81260236 1.000009
2458356.81399124 1.000009
2458356.81538012 1.000009
2458356.81676900 1.000009
2458356.81815788 1.000009
2458356.81954676 1.000009
2458356.82093564 1.000009
2458356.82232453 1.000009
2458356.82371341 1.000009
2458356.82510229 1.000009
2458356.82649117 1.000009
2458356.82788005 1.000009
2458356.82926893 1.000009
2458356.83065781 1.000009
2458356.83204669 1.000009
2458356.83343557 1.000009
2458356.83482445 1.000009
2458356.83621333 1.000009
2458356.83760221 1.000009
2458356.83899109 1.000009
2458356.84037997 1.000009
2458356.84176886 1.000009
2458356.84315774 1.000009
2458356.84454662 1.000009
2458356.84593550 1.000009
2458356.84732438 1.000009
2458356.84871326 1.000009
2458356.85010214 1.000009
2458356.85149102 1.000009
2458356.85287990 1.000009
2458356.85426878 1.000009
2458356.85565766 1.000009
2458356.85704654 1.000009
2458356.85843542 1.000009
2458356.85982430 1.000009
2458356.86121319 1.000009
2458356.86260207 1.000009
2458356.86399095 1.000009
2458356.86537983 1.000009
2458356.86676871 1.000009
2458356.86815759 1.000009
2458356.86954647 1.000009
2458356.87093535 1.000009
2458356.87232423 1.000009
2458356.87371311 1.000009
2458356.87510199 1.000009
2458356.87649087 1.000009
2458356.87787975 1.000009
2458356.87926863 1.000009
2458356.88065751 1.000009
2458356.88204640 1.000009
2458356.88343528 1.000009
2458356.88482416 1.000009
2458356.88621304 1.000009
2458356.88760192 1.000009
2458356.88899080 1.000009
2458356.89037968 1.000009
2458356.89176856 1.000009
2458356.89315744 1.000009
2458356.89454632 1.000009
2458356.89593520 1.000009
2458356.89732408 1.000009
2458356.89871296 1.000009
2458356.90010184 1.000009
2458356.90149072 0.999948
2458356.90287960 0.999867
2458356.90426849 0.999853
2458356.90565737 0.999843
2458356.90704625 0.999835
2458356.90843513 0.999828
2458356.90982401 0.999822
2458356.91121289 0.999817
2458356.91260177 0.999813
2458356.91399065 0.999809
2458356.91537953 0.999806
2458356.91676841 0.999803
2458356.91815729 0.999800
2458356.91954617 0.999797
2458356.92093505 0.999795
2458356.92232393 0.999792
2458356.92371281 0.999790
2458356.92510169 0.999789
2458356.92649057 0.999787
2458356.92787945 0.999785
2458356.92926833 0.999784
2458356.93204610 0.999781
2458356.93343498 0.999780
2458356.93482386 0.999779
2458356.93621274 0.999777
2458356.93760162 0.999776
2458356.93899050 0.999776
2458356.94037938 0.999775
2458356.94176826 0.999774
2458356.94315714 0.999773
2458356.94454602 0.999772
2458356.94593490 0.999772
2458356.94732378 0.999771
2458356.94871266 0.999771
2458356.95010154 0.999770
2458356.95149042 0.999770
2458356.95287930 0.999769
2458356.95426818 0.999769
2458356.95565706 0.999768
2458356.95704595 0.999768
2458356.95843483 0.999768
2458356.95982371 0.999768
2458356.96121259 0.999767
2458356.96260147 0.999767
2458356.96399035 0.999767
2458356.96537923 0.999767
2458356.96676811 0.999767
2458356.96815699 0.999766
2458356.96954587 0.999766
2458356.97093475 0.999766
2458356.97232363 0.999766
2458356.97371251 0.999766
2458356.97510139 0.999766
2458356.97649027 0.999766
2458356.97787915 0.999766
2458356.97926803 0.999766
2458356.98065691 0.999767
2458356.98204579 0.999767
2458356.98343467 0.999767
2458356.98482355 0.999767
2458356.98621243 0.999767
2458356.98760132 0.999767
2458356.98899020 0.999768
2458356.99037908 0.999768
2458356.99176796 0.999768
2458356.99315684 0.999769
2458356.99454572 0.999769
2458356.99593460 0.999770
2458356.99732348 0.999770
2458356.99871236 0.999771
2458357.00010124 0.999771
2458357.00149012 0.999772
2458357.00287900 0.999772
2458357.00426788 0.999773
2458357.00565676 0.999774
2458357.00704564 0.999775
2458357.00843452 0.999775
2458357.00982340 0.999776
2458357.01121228 0.999777
2458357.01260116 0.999778
2458357.01399004 0.999779
2458357.01537892 0.999780
2458357.01676780 0.999782
2458357.01815668 0.999783
2458357.01954556 0.999784
2458357.02093444 0.999786
2458357.02232333 0.999788
2458357.02371221 0.999789
2458357.02510109 0.999791
2458357.02648997 0.999793
2458357.02787885 0.999796
2458357.02926773 0.999798
2458357.03065661 0.999801
2458357.03204549 0.999803
2458357.03343437 0.999806
2458357.03482325 0.999810
2458357.03621213 0.999813
2458357.03760101 0.999817
2458357.03898989 0.999822
2458357.04037877 0.999827
2458357.04176765 0.999832
2458357.04315653 0.999839
2458357.04454541 0.999847
2458357.04593429 0.999857
2458357.04732317 0.999871
2458357.04871205 0.999953
2458357.05010093 1.000009
2458357.05148981 1.000009
2458357.05287869 1.000009
2458357.05426757 1.000009
2458357.05565645 1.000009
2458357.05704533 1.000009
2458357.05843421 1.000009
2458357.05982309 1.000009
2458357.06121197 1.000009
2458357.06260085 1.000009
2458357.06398973 1.000009
2458357.06537862 1.000009
2458357.06676750 1.000009
2458357.06815638 1.000009
2458357.06954526 1.000009
2458357.07093414 1.000009
2458357.07232302 1.000009
2458357.07371190 1.000009
2458357.07510078 1.000009
2458357.07648966 1.000009
2458357.07787854 1.000009
2458357.07926742 1.000009
2458357.08065630 1.000009
2458357.08204518 1.000009
2458357.08343406 1.000009
2458357.08482294 1.000009
2458357.08621182 1.000009
2458357.08760070 1.000009
2458357.08898958 1.000009
2458357.09037846 1.000009
2458357.09176734 1.000009
2458357.09315622 1.000009
2458357.09454510 1.000009
2458357.09593398 1.000009
2458357.09732286 1.000009
2458357.09871174 1.000009
2458357.10010062 1.000009
2458357.10148950 1.000009
2458357.10287838 1.000009
2458357.10426726 1.000009
2458357.10565614 1.000009
2458357.10704502 1.000009
2458357.10843390 1.000009
2458357.10982278 1.000009
2458357.11121166 1.000009
2458357.11260054 1.000009
2458357.11398942 1.000009
2458357.11537830 1.000009
2458357.11676718 1.000009
2458357.11815606 1.000009
2458357.11954494 1.000009
2458357.12093382 1.000009
2458357.12232270 1.000009
2458357.12371158 1.000009
2458357.12510046 1.000009
2458357.12648934 1.000009
2458357.12787822 1.000009
2458357.12926710 1.000009
2458357.13065599 1.000009
2458357.13204487 1.000009
2458357.13343375 1.000009
2458357.13482263 1.000009
2458357.13621151 1.000009
2458357.13760039 1.000009
2458357.13898927 1.000009
2458357.14037815 1.000009
2458357.14176703 1.000009
2458357.14315591 1.000009
2458357.14454479 1.000009
2458357.14593367 1.000009
2458357.14732255 1.000009
2458357.14871143 1.000009
2458357.15010031 1.000009
2458357.15148919 1.000009
2458357.15287807 1.000009
2458357.15426695 1.000009
2458357.15565583 1.000009
2458357.15704471 1.000009
2458357.15843359 1.000009
2458357.15982247 1.000009
2458366.72359932 1.000009
2458366.72498819 1.000009
2458366.72637706 1.000009
2458366.72776593 1.000009
2458366.72915479 1.000009
2458366.73054366 1.000009
2458366.73193253 1.000009
2458366.73332140 1.000009
2458366.73471027 1.000009
2458366.73609913 1.000009
2458366.73748800 1.000009
2458366.73887687 1.000009
2458366.74026574 1.000009
2458366.74165461 1.000009
2458366.74304347 1.000009
2458366.74443234 1.000009
2458366.74582121 1.000009
2458366.74721008 1.000009
2458366.74859895 1.000009
2458366.74998781 1.000009
2458366.75137668 1.000009
2458366.75276555 1.000009
2458366.75415442 1.000009
2458366.75554329 1.000009
2458366.75693215 1.000009
2458366.75832102 1.000009
2458366.75970989 1.000009
2458366.76109876 1.000009
2458366.76248763 1.000009
2458366.76387649 1.000009
2458366.76526536 1.000009
2458366.76665423 1.000009
2458366.76804310 1.000009
2458366.76943197 1.000009
2458366.77082083 1.000009
2458366.77220970 1.000009
2458366.77359857 1.000009
2458366.77498744 1.000009
2458366.77637631 1.000009
2458366.77776517 1.000009
2458366.77915404 1.000009
2458366.78054291 1.000009
2458366.78193178 1.000009
2458366.78332065 1.000009
2458366.78470951 1.000009
2458366.78609838 1.000009
2458366.78748725 1.000009
2458366.78887612 1.000009
2458366.79026499 1.000009
2458366.79165385 1.000009
2458366.79304272 1.000009
2458366.79443159 1.000009
2458366.79582046 1.000009
2458366.79720932 1.000009
2458366.79859819 1.000009
2458366.79998706 1.000009
2458366.80137593 1.000009
2458366.80276480 1.000009
2458366.80415366 1.000009
2458366.80554253 1.000009
2458366.80693140 1.000009
2458366.80832027 1.000009
2458366.80970914 1.000009
2458366.81109800 1.000009
2458366.81248687 1.000009
2458366.81387574 1.000009
2458366.81526461 1.000009
2458366.81665348 1.000009
2458366.81804234 1.000009
2458366.81943121 1.000009
2458366.82082008 1.000009
2458366.82220895 1.000009
2458366.82359782 1.000009
2458366.82498668 1.000009
2458366.82637555 1.000009
2458366.82776442 1.000009
2458366.82915329 1.000009
2458366.83054216 1.000009
2458366.83193102 1.000009
2458366.83331989 1.000009
2458366.83470876 1.000009
2458366.83609763 1.000009
2458366.83748649 1.000009
2458366.83887536 1.000009
2458366.84026423 1.000009
2458366.84165310 1.000009
2458366.84304197 1.000009
2458366.84443083 1.000009
2458366.84581970 1.000009
2458366.84720857 1.000009
2458366.84859744 1.000009
2458366.84998631 1.000009
2458366.85137517 1.000009
2458366.85276404 1.000009
2458366.85415291 1.000009
2458366.85554178 1.000009
2458366.85693065 1.000009
2458366.85831951 1.000009
2458366.85970838 1.000009
2458366.86109725 1.000009
2458366.86248612 1.000009
2458366.86387498 1.000009
2458366.86526385 1.000009
2458366.86665272 1.000009
2458366.86804159 1.000009
2458366.86943046 1.000009
2458366.87081933 1.000009
2458366.87220819 1.000009
2458366.87359706 1.000009
2458366.87498593 1.000009
2458366.87637480 1.000009
2458366.87776366 1.000009
2458366.87915253 1.000006
2458366.88054140 0.999907
2458366.88193027 0.999861
2458366.88331914 0.999849
2458366.88470800 0.999839
2458366.88609687 0.999832
2458366.88748574 0.999826
2458366.88887461 0.999821
2458366.89026348 0.999816
2458366.89165234 0.999812
2458366.89304121 0.999808
2458366.89443008 0.999805
2458366.89581895 0.999802
2458366.89720781 0.999799
2458366.89859668 0.999796
2458366.89998555 0.999794
2458366.90137442 0.999792
2458366.90276329 0.999790
2458366.90415215 0.999788
2458366.90554102 0.999786
2458366.90692989 0.999785
2458366.90831876 0.999783
2458366.90970763 0.999782
2458366.91109649 0.999780
2458366.91248536 0.999779
2458366.91387423 0.999778
2458366.91526310 0.999777
2458366.91665196 0.999776
2458366.91804083 0.999775
2458366.91942970 0.999774
2458366.92081857 0.999774
2458366.92220744 0.999773
2458366.92359630 0.999772
2458366.92498517 0.999772
2458366.92637404 0.999771
2458366.92776291 0.999770
2458366.92915178 0.999770
2458366.93054064 0.999770
2458366.93192951 0.999769
2458366.93331838 0.999769
2458366.93470725 0.999768
2458366.93609612 0.999768
2458366.93748498 0.999768
2458366.93887385 0.999767
2458366.94026272 0.999767
2458366.94165159 0.999767
2458366.94304045 0.999767
2458366.94442932 0.999767
2458366.94581819 0.999767
2458366.94720706 0.999766
2458366.94859593 0.999766
2458366.94998479 0.999766
2458366.95137366 0.999766
2458366.95276253 0.999766
2458366.95415140 0.999766
2458366.95554026 0.999766
2458366.95692913 0.999766
2458366.95831800 0.999766
2458366.95970687 0.999767
2458366.96109574 0.999767
2458366.96248460 0.999767
2458366.96387347 0.999767
2458366.96526234 0.999767
2458366.96665121 0.999768
2458366.96804008 0.999768
2458366.96942894 0.999768
2458366.97081781 0.999769
2458366.97220668 0.999769
2458366.97359555 0.999769
2458366.97498441 0.999770
2458366.97637328 0.999770
2458366.97776215 0.999771
2458366.97915102 0.999771
2458366.98053989 0.999772
2458366.98192875 0.999773
2458366.98331762 0.999773
2458366.98470649 0.999774
2458366.98609536 0.999775
2458366.98748422 0.999776
2458366.98887309 0.999777
2458366.99026196 0.999778
2458366.99165083 0.999779
2458366.99303970 0.999780
2458366.99442856 0.999781
2458366.99581743 0.999782
2458366.99720630 0.999784
2458366.99859517 0.999785
2458366.99998403 0.999787
2458367.00137290 0.999788
2458367.00276177 0.999790
2458367.00415064 0.999792
2458367.00553951 0.999794
2458367.00692837 0.999796
2458367.00831724 0.999799
2458367.00970611 0.999801
2458367.01109498 0.999804
2458367.01248384 0.999807
2458367.01387271 0.999811
2458367.01526158 0.999815
2458367.01665045 0.999819
2458367.01803932 0.999823
2458367.01942818 0.999829
2458367.02081705 0.999835
2458367.02220592 0.999842
2458367.02359479 0.999850
2458367.02498365 0.999861
2458367.02637252 0.999893
2458367.02776139 0.999985
2458367.02915026 1.000009
2458367.03053912 1.000009
2458367.03192799 1.000009
2458367.03331686 1.000009
2458367.03470573 1.000009
2458367.03609460 1.000009
2458367.03748346 1.000009
2458367.03887233 1.000009
2458367.04026120 1.000009
2458367.04165007 1.000009
2458367.04303893 1.000009
2458367.04442780 1.000009
2458367.04581667 1.000009
2458367.04720554 1.000009
2458367.04859441 1.000009
2458367.04998327 1.000009
2458367.05137214 1.000009
2458367.05276101 1.000009
2458367.05414988 1.000009
2458367.05553874 1.000009
2458367.05692761 1.000009
2458367.05831648 1.000009
2458367.05970535 1.000009
2458367.06109421 1.000009
2458367.06248308 1.000009
2458367.06387195 1.000009
2458367.06526082 1.000009
2458367.06664969 1.000009
2458367.06803855 1.000009
2458367.06942742 1.000009
2458367.07081629 1.000009
2458367.07220516 1.000009
2458367.07359402 1.000009
2458367.07498289 1.000009
2458367.07637176 1.000009
2458367.07776063 1.000009
2458367.07914949 1.000009
2458367.08053836 1.000009
2458367.08192723 1.000009
2458367.08331610 1.000009
2458367.08470496 1.000009
2458367.08609383 1.000009
2458367.08748270 1.000009
2458367.08887157 1.000009
2458367.09026044 1.000009
2458367.09164930 1.000009
2458367.09303817 1.000009
2458367.09442704 1.000009
2458367.09581591 1.000009
2458367.09720477 1.000009
2458367.09859364 1.000009
2458367.09998251 1.000009
2458367.10137138 1.000009
2458367.10276024 1.000009
2458367.10414911 1.000009
2458367.10553798 1.000009
2458367.10692685 1.000009
2458367.10831571 1.000009
2458367.10970458 1.000009
2458367.11109345 1.000009
2458367.11248232 1.000009
2458367.11387119 1.000009
2458367.11526005 1.000009
2458367.11664892 1.000009
2458367.11803779 1.000009
2458367.11942666 1.000009
2458367.12081552 1.000009
2458367.12220439 1.000009
2458367.12359326 1.000009
2458367.12498213 1.000009
2458367.12637099 1.000009
2458367.12775986 1.000009
2458367.12914873 1.000009
2458367.13053760 1.000009
2458367.13192646 1.000009
2458367.13331533 1.000009
2458367.13470420 1.000009
2458367.13609307 1.000009
2458367.13748193 1.000009
2458367.13887080 1.000009
2458376.70248057 1.000009
2458376.70386941 1.000009
2458376.70525825 1.000009
2458376.70664709 1.000009
2458376.70803593 1.000009
2458376.70942477 1.000009
2458376.71081361 1.000009
2458376.71220244 1.000009
2458376.71359128 1.000009
2458376.71498012 1.000009
2458376.71636896 1.000009
2458376.71775780 1.000009
2458376.71914664 1.000009
2458376.72053548 1.000009
2458376.72192432 1.000009
2458376.72331316 1.000009
2458376.72470199 1.000009
2458376.72609083 1.000009
2458376.72747967 1.000009
2458376.72886851 1.000009
2458376.73025735 1.000009
2458376.73164619 1.000009
2458376.73303503 1.000009
2458376.73442387 1.000009
2458376.73581271 1.000009
2458376.73720154 1.000009
2458376.73859038 1.000009
2458376.73997922 1.000009
2458376.74136806 1.000009
2458376.74275690 1.000009
2458376.74414574 1.000009
2458376.74553458 1.000009
2458376.74692342 1.000009
2458376.74831226 1.000009
2458376.74970109 1.000009
2458376.75108993 1.000009
2458376.75247877 1.000009
2458376.75386761 1.000009
2458376.75525645 1.000009
2458376.75664529 1.000009
2458376.75803413 1.000009
2458376.75942297 1.000009
2458376.76081180 1.000009
2458376.76220064 1.000009
2458376.76358948 1.000009
2458376.76497832 1.000009
2458376.76636716 1.000009
2458376.76775600 1.000009
2458376.76914484 1.000009
2458376.77053368 1.000009
2458376.77192252 1.000009
2458376.77331135 1.000009
2458376.77470019 1.000009
2458376.77608903 1.000009
2458376.77747787 1.000009
2458376.77886671 1.000009
2458376.78025555 1.000009
2458376.78164439 1.000009
2458376.78303323 1.000009
2458376.78442207 1.000009
2458376.78581090 1.000009
2458376.78719974 1.000009
2458376.78858858 1.000009
2458376.78997742 1.000009
2458376.79136626 1.000009
2458376.79275510 1.000009
2458376.79414394 1.000009
2458376.79553278 1.000009
2458376.79692161 1.000009
2458376.79831045 1.000009
2458376.79969929 1.000009
2458376.80108813 1.000009
2458376.80247697 1.000009
2458376.80386581 1.000009
2458376.80525465 1.000009
2458376.80664349 1.000009
2458376.80803232 1.000009
2458376.80942116 1.000009
2458376.81081000 1.000009
2458376.81219884 1.000009
2458376.81358768 1.000009
2458376.81497652 1.000009
2458376.81636536 1.000009
2458376.81775420 1.000009
2458376.81914303 1.000009
2458376.82053187 1.000009
2458376.82192071 1.000009
2458376.82330955 1.000009
2458376.82469839 1.000009
2458376.82608723 1.000009
2458376.82747607 1.000009
2458376.82886491 1.000009
2458376.83025374 1.000009
2458376.83164258 1.000009
2458376.83303142 1.000009
2458376.83442026 1.000009
2458376.83580910 1.000009
2458376.83719794 1.000009
2458376.83858678 1.000009
2458376.83997562 1.000009
2458376.84136445 1.000009
2458376.84275329 1.000009
2458376.84414213 1.000009
2458376.84553097 1.000009
2458376.84691981 1.000009
2458376.84830865 1.000009
2458376.84969749 1.000009
2458376.85108633 1.000009
2458376.85247516 1.000009
2458376.85386400 1.000009
2458376.85525284 1.000009
2458376.85664168 1.000009
2458376.85803052 0.999989
2458376.85941936 0.999883
2458376.86080820 0.999858
2458376.86219704 0.999846
2458376.86358587 0.999838
2458376.86497471 0.999830
2458376.86636355 0.999825
2458376.86775239 0.999819
2458376.86914123 0.999815
2458376.87053007 0.999811
2458376.87191891 0.999807
2458376.87330774 0.999804
2458376.87469658 0.999801
2458376.87608542 0.999798
2458376.87747426 0.999796
2458376.87886310 0.999793
2458376.88025194 0.999791
2458376.88164078 0.999789
2458376.88302962 0.999787
2458376.88441845 0.999786
2458376.88580729 0.999784
2458376.88719613 0.999783
2458376.88858497 0.999781
2458376.88997381 0.999780
2458376.89136265 0.999779
2458376.89275149 0.999778
2458376.89414033 0.999777
2458376.89552916 0.999776
2458376.89691800 0.999775
2458376.89830684 0.999774
2458376.89969568 0.999773
2458376.90108452 0.999773
2458376.90247336 0.999772
2458376.90386220 0.999771
2458376.90525103 0.999771
2458376.90663987 0.999770
2458376.90802871 0.999770
2458376.90941755 0.999769
2458376.91080639 0.999769
2458376.91219523 0.999769
2458376.91358407 0.999768
2458376.91497291 0.999768
2458376.91636174 0.999768
2458376.91775058 0.999767
2458376.91913942 0.999767
2458376.92052826 0.999767
2458376.92191710 0.999767
2458376.92330594 0.999767
2458376.92469478 0.999767
2458376.92608361 0.999766
2458376.92747245 0.999766
2458376.92886129 0.999766
2458376.93025013 0.999766
2458376.93163897 0.999766
2458376.93302781 0.999766
2458376.93441665 0.999766
2458376.93580548 0.999766
2458376.93719432 0.999767
2458376.93858316 0.999767
2458376.93997200 0.999767
2458376.94136084 0.999767
2458376.94274968 0.999767
2458376.94413852 0.999767
2458376.94552735 0.999768
2458376.94691619 0.999768
2458376.94830503 0.999768
2458376.94969387 0.999769
2458376.95108271 0.999769
2458376.95247155 0.999769
2458376.95386039 0.999770
2458376.95524922 0.999770
2458376.95663806 0.999771
2458376.95802690 0.999771
2458376.95941574 0.999772
2458376.96080458 0.999773
2458376.96219342 0.999773
2458376.96358226 0.999774
2458376.96497109 0.999775
2458376.96635993 0.999776
2458376.96774877 0.999777
2458376.96913761 0.999778
2458376.97052645 0.999779
2458376.97191529 0.999780
2458376.97330413 0.999781
2458376.97469296 0.999783
2458376.97608180 0.999784
2458376.97747064 0.999785
2458376.97885948 0.999787
2458376.98024832 0.999789
2458376.98163716 0.999791
2458376.98302600 0.999793
2458376.98441483 0.999795
2458376.98580367 0.999797
2458376.98719251 0.999799
2458376.98858135 0.999802
2458376.98997019 0.999805
2458376.99135903 0.999808
2458376.99274787 0.999812
2458376.99413670 0.999816
2458376.99552554 0.999820
2458376.99691438 0.999825
2458376.99830322 0.999830
2458376.99969206 0.999836
2458377.00108090 0.999843
2458377.00246974 0.999852
2458377.00385857 0.999865
2458377.00524741 0.999915
2458377.00663625 1.000001
2458377.00802509 1.000009
2458377.00941393 1.000009
2458377.01080277 1.000009
2458377.01219161 1.000009
2458377.01358044 1.000009
2458377.01496928 1.000009
2458377.01635812 1.000009
2458377.01774696 1.000009
2458377.01913580 1.000009
2458377.02052464 1.000009
2458377.02191347 1.000009
2458377.02330231 1.000009
2458377.02469115 1.000009
2458377.02607999 1.000009
2458377.02746883 1.000009
2458377.02885767 1.000009
2458377.03024651 1.000009
2458377.03163534 1.000009
2458377.03302418 1.000009
2458377.03441302 1.000009
2458377.03580186 1.000009
2458377.03719070 1.000009
2458377.03857954 1.000009
2458377.03996838 1.000009
2458377.04135721 1.000009
2458377.04274605 1.000009
2458377.04413489 1.000009
2458377.04552373 1.000009
2458377.04691257 1.000009
2458377.04830141 1.000009
2458377.04969024 1.000009
2458377.05107908 1.000009
2458377.05246792 1.000009
2458377.05385676 1.000009
2458377.05524560 1.000009
2458377.05663444 1.000009
2458377.05802328 1.000009
2458377.05941211 1.000009
2458377.06218979 1.000009
2458377.06357863 1.000009
2458377.06496747 1.000009
2458377.06635631 1.000009
2458377.06774514 1.000009
2458377.06913398 1.000009
2458377.07052282 1.000009
2458377.07191166 1.000009
2458377.07330050 1.000009
2458377.07468934 1.000009
2458377.07607818 1.000009
2458377.07746701 1.000009
2458377.07885585 1.000009
2458377.08024469 1.000009
2458377.08163353 1.000009
2458377.08302237 1.000009
2458377.08441121 1.000009
2458377.08580004 1.000009
2458377.08718888 1.000009
2458377.08857772 1.000009
2458377.08996656 1.000009
2458377.09135540 1.000009
2458377.09274424 1.000009
2458377.09413307 1.000009
2458377.09552191 1.000009
2458377.09691075 1.000009
2458377.09829959 1.000009
2458377.09968843 1.000009
2458377.10107727 1.000009
2458377.10246611 1.000009
2458377.10385494 1.000009
2458377.10524378 1.000009
2458377.10663262 1.000009
2458377.10802146 1.000009
2458377.10941030 1.000009
2458377.11079914 1.000009
2458377.11218797 1.000009
2458377.11357681 1.000009
2458377.11496565 1.000009
2458377.11635449 1.000009
2458377.11774333 1.000009
