# Filtername, Wavelength (um), model flux, flux, error, residuals (erg/s/cm^2)
Tycho_B      0.42800000   7.3922631e-09   7.5586781e-09   1.3923600e-10
   1.3923600e-10   1.6641501e-10
Tycho_V      0.53400000   1.0126412e-08   9.8832037e-09   1.8205534e-10
   1.8205534e-10  -2.4320821e-10
2MASS_J       1.2350000   5.0998367e-09   5.1169343e-09   9.4257414e-11
   9.4257414e-11   1.7097586e-11
2MASS_H       1.6620000   3.1049180e-09   3.0286818e-09   1.1158076e-10
   1.1158076e-10  -7.6236258e-11
2MASS_Ks       2.1590000   1.6084020e-09   1.6379192e-09   4.5257381e-11
   4.5257381e-11   2.9517240e-11
WISE_W1       3.3526000   4.8725349e-10   5.2668182e-10   2.6680054e-11
   2.6680054e-11   3.9428333e-11
WISE_W2       4.6028000   1.9430718e-10   2.0212796e-10   5.5850020e-12
   5.5850020e-12   7.8207850e-12
WISE_W3       11.560800   1.4552127e-11   1.4321573e-11   3.9571970e-13
   3.9571970e-13  -2.3055309e-13
WISE_W4       22.088300   1.9490915e-12   1.9069718e-12   1.7563860e-13
   1.7563860e-13  -4.2119655e-14
Gaia_G_DR2Rev      0.58363000   9.4726695e-09   9.5467014e-09   1.7585674e-10
   1.7585674e-10   7.4031877e-11
Gaia_BP_DR2Rev      0.50209000   8.9126916e-09   8.9069632e-09   1.6407233e-10
   1.6407233e-10  -5.7283720e-12
Gaia_RP_DR2Rev      0.75888000   8.7828128e-09   8.5962043e-09   1.5834794e-10
   1.5834794e-10  -1.8660850e-10
