2458356.7445471999 0.0000000000
2458356.7459360799 0.0000000000
2458356.7473249598 0.0000000000
2458356.7487138398 0.0000000000
2458356.7501027202 0.0000000000
2458356.7514916002 0.0000000000
2458356.7528804801 0.0000000000
2458356.7542693699 0.0000000000
2458356.7556582498 0.0000000000
2458356.7570471298 0.0000000000
2458356.7584360102 0.0000000000
2458356.7598248902 0.0000000000
2458356.7612137701 0.0000000000
2458356.7626026501 0.0000000000
2458356.7639915301 0.0000000000
2458356.7653804100 0.0000000000
2458356.7667692900 0.0000000000
2458356.7681581699 0.0000000000
2458356.7695470601 0.0000000000
2458356.7709359401 0.0000000000
2458356.7723248200 0.0000000000
2458356.7737137000 0.0000000000
2458356.7751025800 0.0000000000
2458356.7764914599 0.0000000000
2458356.7778803399 0.0000000000
2458356.7792692198 0.0000000000
2458356.7806580998 0.0000000000
2458356.7820469802 0.0000000000
2458356.7834358602 0.0000000000
2458356.7848247401 0.0000000000
2458356.7862136299 0.0000000000
2458356.7876025098 0.0000000000
2458356.7889913898 0.0000000000
2458356.7903802702 0.0000000000
2458356.7917691502 0.0000000000
2458356.7931580301 0.0000000000
2458356.7945469101 0.0000000000
2458356.7959357901 0.0000000000
2458356.7973246700 0.0000000000
2458356.7987135500 0.0000000000
2458356.8001024299 0.0000000000
2458356.8014913099 0.0000000000
2458356.8028801898 0.0000000000
2458356.8042690801 0.0000000000
2458356.8056579600 0.0000000000
2458356.8070468400 0.0000000000
2458356.8084357199 0.0000000000
2458356.8098245999 0.0000000000
2458356.8112134798 0.0000000000
2458356.8126023598 0.0000000000
2458356.8139912402 0.0000000000
2458356.8153801202 0.0000000000
2458356.8167690001 0.0000000000
2458356.8181578801 0.0000000000
2458356.8195467601 0.0000000000
2458356.8209356400 0.0000000000
2458356.8223245302 0.0000000000
2458356.8237134102 0.0000000000
2458356.8251022901 0.0000000000
2458356.8264911701 0.0000000000
2458356.8278800501 0.0000000000
2458356.8292689300 0.0000000000
2458356.8306578100 0.0000000000
2458356.8320466899 0.0000000000
2458356.8334355699 0.0000000000
2458356.8348244498 0.0000000000
2458356.8362133298 0.0000000000
2458356.8376022102 0.0000000000
2458356.8389910902 0.0000000000
2458356.8403799701 0.0000000000
2458356.8417688599 0.0000000000
2458356.8431577398 0.0000000000
2458356.8445466198 0.0000000000
2458356.8459355002 0.0000000000
2458356.8473243802 0.0000000000
2458356.8487132601 0.0000000000
2458356.8501021401 0.0000000000
2458356.8514910201 0.0000000000
2458356.8528799000 0.0000000000
2458356.8542687800 0.0000000000
2458356.8556576599 0.0000000000
2458356.8570465399 0.0000000000
2458356.8584354199 0.0000000000
2458356.8598242998 0.0000000000
2458356.8612131900 0.0000000000
2458356.8626020700 0.0000000000
2458356.8639909499 0.0000000000
2458356.8653798299 0.0000000000
2458356.8667687098 0.0000000000
2458356.8681575898 0.0000000000
2458356.8695464702 0.0000000000
2458356.8709353502 0.0000000000
2458356.8723242301 0.0000000000
2458356.8737131101 0.0000000000
2458356.8751019901 0.0000000000
2458356.8764908700 0.0000000000
2458356.8778797500 0.0000000000
2458356.8792686299 0.0000000000
2458356.8806575099 0.0000000000
2458356.8820464001 0.0000000000
2458356.8834352801 0.0000000000
2458356.8848241600 0.0000000000
2458356.8862130400 0.0000000000
2458356.8876019199 0.0000000000
2458356.8889907999 0.0000000000
2458356.8903796799 0.0000000000
2458356.8917685598 0.0000000000
2458356.8931574398 0.0000000000
2458356.8945463202 0.0000000000
2458356.8959352002 0.0000000000
2458356.8973240801 0.0000000000
2458356.8987129601 0.0000000000
2458356.9001018400 0.0000000000
2458356.9014907200 -0.0000605940
2458356.9028795999 -0.0001415067
2458356.9042684902 -0.0001561551
2458356.9056573701 -0.0001662951
2458356.9070462501 -0.0001742594
2458356.9084351300 -0.0001808572
2458356.9098240100 -0.0001864923
2458356.9112128899 -0.0001914020
2458356.9126017699 -0.0001957403
2458356.9139906499 -0.0001996141
2458356.9153795298 -0.0002031011
2458356.9167684098 -0.0002062601
2458356.9181572902 -0.0002091368
2458356.9195461702 -0.0002117675
2458356.9209350501 -0.0002141817
2458356.9223239301 -0.0002164040
2458356.9237128100 -0.0002184546
2458356.9251016900 -0.0002203508
2458356.9264905700 -0.0002221074
2458356.9278794499 -0.0002237371
2458356.9292683299 -0.0002252511
2458356.9320461000 -0.0002279694
2458356.9334349800 -0.0002291898
2458356.9348238599 -0.0002303271
2458356.9362127399 -0.0002313872
2458356.9376016199 -0.0002323756
2458356.9389904998 -0.0002332971
2458356.9403793798 -0.0002341561
2458356.9417682602 -0.0002349568
2458356.9431571402 -0.0002357025
2458356.9445460201 -0.0002363967
2458356.9459349001 -0.0002370423
2458356.9473237800 -0.0002376421
2458356.9487126600 -0.0002381985
2458356.9501015400 -0.0002387139
2458356.9514904199 -0.0002391902
2458356.9528792999 -0.0002396293
2458356.9542681798 -0.0002400331
2458356.9556570598 -0.0002404029
2458356.9570459500 -0.0002407403
2458356.9584348300 -0.0002410465
2458356.9598237099 -0.0002413226
2458356.9612125899 -0.0002415698
2458356.9626014698 -0.0002417887
2458356.9639903498 -0.0002419804
2458356.9653792302 -0.0002421455
2458356.9667681102 -0.0002422846
2458356.9681569901 -0.0002423981
2458356.9695458701 -0.0002424865
2458356.9709347500 -0.0002425502
2458356.9723236300 -0.0002425893
2458356.9737125100 -0.0002426039
2458356.9751013899 -0.0002425942
2458356.9764902699 -0.0002425601
2458356.9778791498 -0.0002425015
2458356.9792680298 -0.0002424181
2458356.9806569102 -0.0002423097
2458356.9820457902 -0.0002421759
2458356.9834346701 -0.0002420162
2458356.9848235501 -0.0002418301
2458356.9862124301 -0.0002416168
2458356.9876013198 -0.0002413757
2458356.9889902002 -0.0002411058
2458356.9903790802 -0.0002408062
2458356.9917679601 -0.0002404759
2458356.9931568401 -0.0002401135
2458356.9945457201 -0.0002397179
2458356.9959346000 -0.0002392875
2458356.9973234800 -0.0002388208
2458356.9987123599 -0.0002383161
2458357.0001012399 -0.0002377713
2458357.0014901198 -0.0002371846
2458357.0028789998 -0.0002365536
2458357.0042678802 -0.0002358759
2458357.0056567602 -0.0002351489
2458357.0070456401 -0.0002343696
2458357.0084345201 -0.0002335349
2458357.0098234001 -0.0002326413
2458357.0112122800 -0.0002316852
2458357.0126011600 -0.0002306624
2458357.0139900399 -0.0002295683
2458357.0153789199 -0.0002283981
2458357.0167677999 -0.0002271462
2458357.0181566798 -0.0002258067
2458357.0195455598 -0.0002243727
2458357.0209344402 -0.0002228369
2458357.0223233299 -0.0002211909
2458357.0237122099 -0.0002194251
2458357.0251010899 -0.0002175290
2458357.0264899698 -0.0002154902
2458357.0278788502 -0.0002132947
2458357.0292677302 -0.0002109261
2458357.0306566101 -0.0002083652
2458357.0320454901 -0.0002055892
2458357.0334343701 -0.0002025705
2458357.0348232500 -0.0001992751
2458357.0362121300 -0.0001956607
2458357.0376010099 -0.0001916729
2458357.0389898899 -0.0001872394
2458357.0403787699 -0.0001822610
2458357.0417676498 -0.0001765940
2458357.0431565298 -0.0001700151
2458357.0445454102 -0.0001621391
2458357.0459342902 -0.0001521732
2458357.0473231701 -0.0001375760
2458357.0487120501 -0.0000555888
2458357.0501009300 0.0000000000
2458357.0514898100 0.0000000000
2458357.0528786900 0.0000000000
2458357.0542675699 0.0000000000
2458357.0556564499 0.0000000000
2458357.0570453298 0.0000000000
2458357.0584342098 0.0000000000
2458357.0598230902 0.0000000000
2458357.0612119702 0.0000000000
2458357.0626008501 0.0000000000
2458357.0639897301 0.0000000000
2458357.0653786198 0.0000000000
2458357.0667674998 0.0000000000
2458357.0681563802 0.0000000000
2458357.0695452602 0.0000000000
2458357.0709341401 0.0000000000
2458357.0723230201 0.0000000000
2458357.0737119000 0.0000000000
2458357.0751007800 0.0000000000
2458357.0764896600 0.0000000000
2458357.0778785399 0.0000000000
2458357.0792674199 0.0000000000
2458357.0806562998 0.0000000000
2458357.0820451798 0.0000000000
2458357.0834340602 0.0000000000
2458357.0848229402 0.0000000000
2458357.0862118201 0.0000000000
2458357.0876007001 0.0000000000
2458357.0889895801 0.0000000000
2458357.0903784600 0.0000000000
2458357.0917673400 0.0000000000
2458357.0931562199 0.0000000000
2458357.0945450999 0.0000000000
2458357.0959339798 0.0000000000
2458357.0973228598 0.0000000000
2458357.0987117402 0.0000000000
2458357.1001006202 0.0000000000
2458357.1014895001 0.0000000000
2458357.1028783801 0.0000000000
2458357.1042672601 0.0000000000
2458357.1056561400 0.0000000000
2458357.1070450200 0.0000000000
2458357.1084338999 0.0000000000
2458357.1098227799 0.0000000000
2458357.1112116599 0.0000000000
2458357.1126005398 0.0000000000
2458357.1139894198 0.0000000000
2458357.1153783002 0.0000000000
2458357.1167671802 0.0000000000
2458357.1181560601 0.0000000000
2458357.1195449401 0.0000000000
2458357.1209338200 0.0000000000
2458357.1223227000 0.0000000000
2458357.1237115799 0.0000000000
2458357.1251004599 0.0000000000
2458357.1264893399 0.0000000000
2458357.1278782198 0.0000000000
2458357.1292670998 0.0000000000
2458357.1306559900 0.0000000000
2458357.1320448699 0.0000000000
2458357.1334337499 0.0000000000
2458357.1348226299 0.0000000000
2458357.1362115098 0.0000000000
2458357.1376003898 0.0000000000
2458357.1389892702 0.0000000000
2458357.1403781502 0.0000000000
2458357.1417670301 0.0000000000
2458357.1431559101 0.0000000000
2458357.1445447900 0.0000000000
2458357.1459336700 0.0000000000
2458357.1473225500 0.0000000000
2458357.1487114299 0.0000000000
2458357.1501003099 0.0000000000
2458357.1514891898 0.0000000000
2458357.1528780698 0.0000000000
2458357.1542669502 0.0000000000
2458357.1556558302 0.0000000000
2458357.1570447101 0.0000000000
2458357.1584335901 0.0000000000
2458357.1598224700 0.0000000000
2458366.7235993198 0.0000000000
2458366.7249881900 0.0000000000
2458366.7263770602 0.0000000000
2458366.7277659299 0.0000000000
2458366.7291547898 0.0000000000
2458366.7305436600 0.0000000000
2458366.7319325302 0.0000000000
2458366.7333213999 0.0000000000
2458366.7347102701 0.0000000000
2458366.7360991300 0.0000000000
2458366.7374880002 0.0000000000
2458366.7388768699 0.0000000000
2458366.7402657401 0.0000000000
2458366.7416546098 0.0000000000
2458366.7430434702 0.0000000000
2458366.7444323399 0.0000000000
2458366.7458212101 0.0000000000
2458366.7472100798 0.0000000000
2458366.7485989500 0.0000000000
2458366.7499878099 0.0000000000
2458366.7513766801 0.0000000000
2458366.7527655498 0.0000000000
2458366.7541544200 0.0000000000
2458366.7555432902 0.0000000000
2458366.7569321501 0.0000000000
2458366.7583210198 0.0000000000
2458366.7597098900 0.0000000000
2458366.7610987602 0.0000000000
2458366.7624876299 0.0000000000
2458366.7638764898 0.0000000000
2458366.7652653600 0.0000000000
2458366.7666542302 0.0000000000
2458366.7680430999 0.0000000000
2458366.7694319701 0.0000000000
2458366.7708208300 0.0000000000
2458366.7722097002 0.0000000000
2458366.7735985699 0.0000000000
2458366.7749874401 0.0000000000
2458366.7763763098 0.0000000000
2458366.7777651702 0.0000000000
2458366.7791540399 0.0000000000
2458366.7805429101 0.0000000000
2458366.7819317798 0.0000000000
2458366.7833206500 0.0000000000
2458366.7847095099 0.0000000000
2458366.7860983801 0.0000000000
2458366.7874872498 0.0000000000
2458366.7888761200 0.0000000000
2458366.7902649902 0.0000000000
2458366.7916538501 0.0000000000
2458366.7930427198 0.0000000000
2458366.7944315900 0.0000000000
2458366.7958204602 0.0000000000
2458366.7972093201 0.0000000000
2458366.7985981898 0.0000000000
2458366.7999870600 0.0000000000
2458366.8013759302 0.0000000000
2458366.8027647999 0.0000000000
2458366.8041536598 0.0000000000
2458366.8055425300 0.0000000000
2458366.8069314002 0.0000000000
2458366.8083202699 0.0000000000
2458366.8097091401 0.0000000000
2458366.8110980000 0.0000000000
2458366.8124868702 0.0000000000
2458366.8138757399 0.0000000000
2458366.8152646101 0.0000000000
2458366.8166534798 0.0000000000
2458366.8180423402 0.0000000000
2458366.8194312099 0.0000000000
2458366.8208200801 0.0000000000
2458366.8222089498 0.0000000000
2458366.8235978200 0.0000000000
2458366.8249866799 0.0000000000
2458366.8263755501 0.0000000000
2458366.8277644198 0.0000000000
2458366.8291532900 0.0000000000
2458366.8305421602 0.0000000000
2458366.8319310201 0.0000000000
2458366.8333198898 0.0000000000
2458366.8347087600 0.0000000000
2458366.8360976302 0.0000000000
2458366.8374864901 0.0000000000
2458366.8388753599 0.0000000000
2458366.8402642300 0.0000000000
2458366.8416531002 0.0000000000
2458366.8430419699 0.0000000000
2458366.8444308299 0.0000000000
2458366.8458197000 0.0000000000
2458366.8472085702 0.0000000000
2458366.8485974399 0.0000000000
2458366.8499863101 0.0000000000
2458366.8513751701 0.0000000000
2458366.8527640402 0.0000000000
2458366.8541529099 0.0000000000
2458366.8555417801 0.0000000000
2458366.8569306498 0.0000000000
2458366.8583195098 0.0000000000
2458366.8597083800 0.0000000000
2458366.8610972501 0.0000000000
2458366.8624861198 0.0000000000
2458366.8638749798 0.0000000000
2458366.8652638500 0.0000000000
2458366.8666527201 0.0000000000
2458366.8680415899 0.0000000000
2458366.8694304600 0.0000000000
2458366.8708193302 0.0000000000
2458366.8722081902 0.0000000000
2458366.8735970599 0.0000000000
2458366.8749859300 0.0000000000
2458366.8763748002 0.0000000000
2458366.8777636602 0.0000000000
2458366.8791525299 -0.0000030688
2458366.8805414001 -0.0001021396
2458366.8819302702 -0.0001477190
2458366.8833191399 -0.0001601974
2458366.8847079999 -0.0001694005
2458366.8860968701 -0.0001768017
2458366.8874857398 -0.0001830125
2458366.8888746100 -0.0001883605
2458366.8902634801 -0.0001930466
2458366.8916523401 -0.0001972047
2458366.8930412098 -0.0002009293
2458366.8944300800 -0.0002042904
2458366.8958189501 -0.0002073415
2458366.8972078101 -0.0002101245
2458366.8985966798 -0.0002126730
2458366.8999855500 -0.0002150145
2458366.9013744202 -0.0002171719
2458366.9027632899 -0.0002191642
2458366.9041521498 -0.0002210078
2458366.9055410200 -0.0002227167
2458366.9069298902 -0.0002243029
2458366.9083187599 -0.0002257771
2458366.9097076301 -0.0002271484
2458366.9110964900 -0.0002284251
2458366.9124853602 -0.0002296144
2458366.9138742299 -0.0002307228
2458366.9152631001 -0.0002317561
2458366.9166519600 -0.0002327195
2458366.9180408302 -0.0002336178
2458366.9194296999 -0.0002344550
2458366.9208185701 -0.0002352352
2458366.9222074398 -0.0002359618
2458366.9235963002 -0.0002366379
2458366.9249851699 -0.0002372665
2458366.9263740401 -0.0002378502
2458366.9277629098 -0.0002383913
2458366.9291517800 -0.0002388922
2458366.9305406399 -0.0002393547
2458366.9319295101 -0.0002397807
2458366.9333183798 -0.0002401719
2458366.9347072500 -0.0002405298
2458366.9360961202 -0.0002408556
2458366.9374849801 -0.0002411507
2458366.9388738498 -0.0002414161
2458366.9402627200 -0.0002416529
2458366.9416515902 -0.0002418618
2458366.9430404501 -0.0002420437
2458366.9444293198 -0.0002421992
2458366.9458181900 -0.0002423289
2458366.9472070602 -0.0002424333
2458366.9485959299 -0.0002425126
2458366.9499847898 -0.0002425673
2458366.9513736600 -0.0002425975
2458366.9527625302 -0.0002426032
2458366.9541513999 -0.0002425846
2458366.9555402598 -0.0002425416
2458366.9569291300 -0.0002424739
2458366.9583180002 -0.0002423815
2458366.9597068699 -0.0002422639
2458366.9610957401 -0.0002421207
2458366.9624846000 -0.0002419514
2458366.9638734702 -0.0002417555
2458366.9652623399 -0.0002415321
2458366.9666512101 -0.0002412806
2458366.9680400798 -0.0002410000
2458366.9694289402 -0.0002406894
2458366.9708178099 -0.0002403475
2458366.9722066801 -0.0002399732
2458366.9735955498 -0.0002395650
2458366.9749844102 -0.0002391216
2458366.9763732799 -0.0002386412
2458366.9777621501 -0.0002381221
2458366.9791510198 -0.0002375623
2458366.9805398900 -0.0002369597
2458366.9819287499 -0.0002363120
2458366.9833176201 -0.0002356166
2458366.9847064898 -0.0002348709
2458366.9860953600 -0.0002340718
2458366.9874842199 -0.0002332160
2458366.9888730901 -0.0002323001
2458366.9902619598 -0.0002313202
2458366.9916508300 -0.0002302719
2458366.9930397002 -0.0002291507
2458366.9944285601 -0.0002279514
2458366.9958174299 -0.0002266683
2458366.9972063000 -0.0002252952
2458366.9985951702 -0.0002238250
2458366.9999840301 -0.0002222501
2458367.0013728999 -0.0002205615
2458367.0027617700 -0.0002187496
2458367.0041506402 -0.0002168029
2458367.0055395099 -0.0002147088
2458367.0069283699 -0.0002124522
2458367.0083172400 -0.0002100160
2458367.0097061102 -0.0002073796
2458367.0110949799 -0.0002045186
2458367.0124838399 -0.0002014034
2458367.0138727101 -0.0001979972
2458367.0152615798 -0.0001942538
2458367.0166504500 -0.0001901131
2458367.0180393201 -0.0001854944
2458367.0194281801 -0.0001802849
2458367.0208170498 -0.0001743174
2458367.0222059200 -0.0001673235
2458367.0235947901 -0.0001588155
2458367.0249836501 -0.0001476784
2458367.0263725198 -0.0001161180
2458367.0277613900 -0.0000235016
2458367.0291502601 0.0000000000
2458367.0305391201 0.0000000000
2458367.0319279898 0.0000000000
2458367.0333168600 0.0000000000
2458367.0347057302 0.0000000000
2458367.0360945999 0.0000000000
2458367.0374834598 0.0000000000
2458367.0388723300 0.0000000000
2458367.0402612002 0.0000000000
2458367.0416500699 0.0000000000
2458367.0430389298 0.0000000000
2458367.0444278000 0.0000000000
2458367.0458166702 0.0000000000
2458367.0472055399 0.0000000000
2458367.0485944101 0.0000000000
2458367.0499832700 0.0000000000
2458367.0513721402 0.0000000000
2458367.0527610099 0.0000000000
2458367.0541498801 0.0000000000
2458367.0555387400 0.0000000000
2458367.0569276102 0.0000000000
2458367.0583164799 0.0000000000
2458367.0597053501 0.0000000000
2458367.0610942100 0.0000000000
2458367.0624830802 0.0000000000
2458367.0638719499 0.0000000000
2458367.0652608201 0.0000000000
2458367.0666496898 0.0000000000
2458367.0680385502 0.0000000000
2458367.0694274199 0.0000000000
2458367.0708162901 0.0000000000
2458367.0722051598 0.0000000000
2458367.0735940202 0.0000000000
2458367.0749828899 0.0000000000
2458367.0763717601 0.0000000000
2458367.0777606298 0.0000000000
2458367.0791494902 0.0000000000
2458367.0805383599 0.0000000000
2458367.0819272301 0.0000000000
2458367.0833160998 0.0000000000
2458367.0847049602 0.0000000000
2458367.0860938299 0.0000000000
2458367.0874827001 0.0000000000
2458367.0888715698 0.0000000000
2458367.0902604400 0.0000000000
2458367.0916493000 0.0000000000
2458367.0930381701 0.0000000000
2458367.0944270398 0.0000000000
2458367.0958159100 0.0000000000
2458367.0972047700 0.0000000000
2458367.0985936401 0.0000000000
2458367.0999825099 0.0000000000
2458367.1013713800 0.0000000000
2458367.1027602400 0.0000000000
2458367.1041491101 0.0000000000
2458367.1055379799 0.0000000000
2458367.1069268500 0.0000000000
2458367.1083157100 0.0000000000
2458367.1097045802 0.0000000000
2458367.1110934499 0.0000000000
2458367.1124823201 0.0000000000
2458367.1138711902 0.0000000000
2458367.1152600502 0.0000000000
2458367.1166489199 0.0000000000
2458367.1180377901 0.0000000000
2458367.1194266598 0.0000000000
2458367.1208155202 0.0000000000
2458367.1222043899 0.0000000000
2458367.1235932601 0.0000000000
2458367.1249821298 0.0000000000
2458367.1263709902 0.0000000000
2458367.1277598599 0.0000000000
2458367.1291487301 0.0000000000
2458367.1305375998 0.0000000000
2458367.1319264602 0.0000000000
2458367.1333153299 0.0000000000
2458367.1347042001 0.0000000000
2458367.1360930698 0.0000000000
2458367.1374819302 0.0000000000
2458367.1388707999 0.0000000000
2458376.7024805699 0.0000000000
2458376.7038694099 0.0000000000
2458376.7052582498 0.0000000000
2458376.7066470901 0.0000000000
2458376.7080359301 0.0000000000
2458376.7094247700 0.0000000000
2458376.7108136099 0.0000000000
2458376.7122024400 0.0000000000
2458376.7135912799 0.0000000000
2458376.7149801198 0.0000000000
2458376.7163689602 0.0000000000
2458376.7177578001 0.0000000000
2458376.7191466400 0.0000000000
2458376.7205354800 0.0000000000
2458376.7219243199 0.0000000000
2458376.7233131598 0.0000000000
2458376.7247019899 0.0000000000
2458376.7260908298 0.0000000000
2458376.7274796702 0.0000000000
2458376.7288685101 0.0000000000
2458376.7302573500 0.0000000000
2458376.7316461899 0.0000000000
2458376.7330350298 0.0000000000
2458376.7344238702 0.0000000000
2458376.7358127101 0.0000000000
2458376.7372015398 0.0000000000
2458376.7385903802 0.0000000000
2458376.7399792201 0.0000000000
2458376.7413680600 0.0000000000
2458376.7427568999 0.0000000000
2458376.7441457398 0.0000000000
2458376.7455345802 0.0000000000
2458376.7469234201 0.0000000000
2458376.7483122600 0.0000000000
2458376.7497010902 0.0000000000
2458376.7510899301 0.0000000000
2458376.7524787700 0.0000000000
2458376.7538676099 0.0000000000
2458376.7552564498 0.0000000000
2458376.7566452902 0.0000000000
2458376.7580341301 0.0000000000
2458376.7594229700 0.0000000000
2458376.7608118001 0.0000000000
2458376.7622006400 0.0000000000
2458376.7635894800 0.0000000000
2458376.7649783199 0.0000000000
2458376.7663671598 0.0000000000
2458376.7677560002 0.0000000000
2458376.7691448401 0.0000000000
2458376.7705336800 0.0000000000
2458376.7719225199 0.0000000000
2458376.7733113500 0.0000000000
2458376.7747001899 0.0000000000
2458376.7760890299 0.0000000000
2458376.7774778702 0.0000000000
2458376.7788667101 0.0000000000
2458376.7802555501 0.0000000000
2458376.7816443900 0.0000000000
2458376.7830332299 0.0000000000
2458376.7844220698 0.0000000000
2458376.7858108999 0.0000000000
2458376.7871997398 0.0000000000
2458376.7885885802 0.0000000000
2458376.7899774201 0.0000000000
2458376.7913662600 0.0000000000
2458376.7927550999 0.0000000000
2458376.7941439399 0.0000000000
2458376.7955327798 0.0000000000
2458376.7969216099 0.0000000000
2458376.7983104498 0.0000000000
2458376.7996992902 0.0000000000
2458376.8010881301 0.0000000000
2458376.8024769700 0.0000000000
2458376.8038658099 0.0000000000
2458376.8052546498 0.0000000000
2458376.8066434902 0.0000000000
2458376.8080323199 0.0000000000
2458376.8094211598 0.0000000000
2458376.8108100002 0.0000000000
2458376.8121988401 0.0000000000
2458376.8135876800 0.0000000000
2458376.8149765199 0.0000000000
2458376.8163653598 0.0000000000
2458376.8177542002 0.0000000000
2458376.8191430299 0.0000000000
2458376.8205318698 0.0000000000
2458376.8219207102 0.0000000000
2458376.8233095501 0.0000000000
2458376.8246983900 0.0000000000
2458376.8260872299 0.0000000000
2458376.8274760698 0.0000000000
2458376.8288649102 0.0000000000
2458376.8302537398 0.0000000000
2458376.8316425802 0.0000000000
2458376.8330314201 0.0000000000
2458376.8344202600 0.0000000000
2458376.8358091000 0.0000000000
2458376.8371979399 0.0000000000
2458376.8385867798 0.0000000000
2458376.8399756202 0.0000000000
2458376.8413644498 0.0000000000
2458376.8427532902 0.0000000000
2458376.8441421301 0.0000000000
2458376.8455309700 0.0000000000
2458376.8469198099 0.0000000000
2458376.8483086498 0.0000000000
2458376.8496974902 0.0000000000
2458376.8510863301 0.0000000000
2458376.8524751598 0.0000000000
2458376.8538640002 0.0000000000
2458376.8552528401 0.0000000000
2458376.8566416800 0.0000000000
2458376.8580305199 -0.0000199676
2458376.8594193598 -0.0001260148
2458376.8608082002 -0.0001511882
2458376.8621970401 -0.0001626333
2458376.8635858698 -0.0001713182
2458376.8649747102 -0.0001783916
2458376.8663635501 -0.0001843707
2458376.8677523900 -0.0001895440
2458376.8691412299 -0.0001940924
2458376.8705300698 -0.0001981384
2458376.8719189102 -0.0002017697
2458376.8733077399 -0.0002050517
2458376.8746965802 -0.0002080347
2458376.8760854201 -0.0002107584
2458376.8774742601 -0.0002132547
2458376.8788631000 -0.0002155499
2458376.8802519399 -0.0002176658
2458376.8816407798 -0.0002196209
2458376.8830296202 -0.0002214309
2458376.8844184498 -0.0002231092
2458376.8858072902 -0.0002246675
2458376.8871961301 -0.0002261161
2458376.8885849700 -0.0002274639
2458376.8899738099 -0.0002287189
2458376.8913626499 -0.0002298882
2458376.8927514902 -0.0002309780
2458376.8941403301 -0.0002319940
2458376.8955291598 -0.0002329413
2458376.8969180002 -0.0002338245
2458376.8983068401 -0.0002346477
2458376.8996956800 -0.0002354146
2458376.9010845199 -0.0002361288
2458376.9024733598 -0.0002367932
2458376.9038622002 -0.0002374108
2458376.9052510299 -0.0002379840
2458376.9066398698 -0.0002385153
2458376.9080287102 -0.0002390067
2458376.9094175501 -0.0002394603
2458376.9108063900 -0.0002398778
2458376.9121952299 -0.0002402609
2458376.9135840698 -0.0002406109
2458376.9149729102 -0.0002409293
2458376.9163617399 -0.0002412171
2458376.9177505798 -0.0002414756
2458376.9191394201 -0.0002417056
2458376.9205282601 -0.0002419079
2458376.9219171000 -0.0002420835
2458376.9233059399 -0.0002422327
2458376.9246947798 -0.0002423563
2458376.9260836099 -0.0002424546
2458376.9274724498 -0.0002425280
2458376.9288612902 -0.0002425768
2458376.9302501301 -0.0002426011
2458376.9316389700 -0.0002426010
2458376.9330278100 -0.0002425765
2458376.9344166499 -0.0002425276
2458376.9358054800 -0.0002424540
2458376.9371943199 -0.0002423556
2458376.9385831598 -0.0002422319
2458376.9399720002 -0.0002420825
2458376.9413608401 -0.0002419069
2458376.9427496800 -0.0002417044
2458376.9441385199 -0.0002414744
2458376.9455273501 -0.0002412160
2458376.9469161900 -0.0002409283
2458376.9483050299 -0.0002406103
2458376.9496938698 -0.0002402608
2458376.9510827102 -0.0002398785
2458376.9524715501 -0.0002394621
2458376.9538603900 -0.0002390099
2458376.9552492201 -0.0002385205
2458376.9566380600 -0.0002379918
2458376.9580269000 -0.0002374220
2458376.9594157399 -0.0002368088
2458376.9608045798 -0.0002361499
2458376.9621934202 -0.0002354427
2458376.9635822601 -0.0002346845
2458376.9649710902 -0.0002338722
2458376.9663599301 -0.0002330024
2458376.9677487700 -0.0002320715
2458376.9691376099 -0.0002310757
2458376.9705264498 -0.0002300104
2458376.9719152902 -0.0002288710
2458376.9733041301 -0.0002276522
2458376.9746929598 -0.0002263482
2458376.9760818002 -0.0002249525
2458376.9774706401 -0.0002234581
2458376.9788594800 -0.0002218568
2458376.9802483199 -0.0002201398
2458376.9816371598 -0.0002182967
2458376.9830260002 -0.0002163161
2458376.9844148299 -0.0002141846
2458376.9858036698 -0.0002118868
2458376.9871925102 -0.0002094047
2458376.9885813501 -0.0002067171
2458376.9899701900 -0.0002037983
2458376.9913590299 -0.0002006172
2458376.9927478698 -0.0001971352
2458376.9941366999 -0.0001933030
2458376.9955255399 -0.0001890565
2458376.9969143802 -0.0001843085
2458376.9983032201 -0.0001789360
2458376.9996920601 -0.0001727532
2458377.0010809000 -0.0001654549
2458377.0024697399 -0.0001564629
2458377.0038585700 -0.0001443287
2458377.0052474099 -0.0000942866
2458377.0066362498 -0.0000074873
2458377.0080250902 0.0000000000
2458377.0094139301 0.0000000000
2458377.0108027700 0.0000000000
2458377.0121916099 0.0000000000
2458377.0135804401 0.0000000000
2458377.0149692800 0.0000000000
2458377.0163581199 0.0000000000
2458377.0177469598 0.0000000000
2458377.0191358002 0.0000000000
2458377.0205246401 0.0000000000
2458377.0219134698 0.0000000000
2458377.0233023101 0.0000000000
2458377.0246911501 0.0000000000
2458377.0260799900 0.0000000000
2458377.0274688299 0.0000000000
2458377.0288576698 0.0000000000
2458377.0302465102 0.0000000000
2458377.0316353398 0.0000000000
2458377.0330241802 0.0000000000
2458377.0344130201 0.0000000000
2458377.0358018600 0.0000000000
2458377.0371906999 0.0000000000
2458377.0385795399 0.0000000000
2458377.0399683798 0.0000000000
2458377.0413572099 0.0000000000
2458377.0427460498 0.0000000000
2458377.0441348902 0.0000000000
2458377.0455237301 0.0000000000
2458377.0469125700 0.0000000000
2458377.0483014099 0.0000000000
2458377.0496902401 0.0000000000
2458377.0510790800 0.0000000000
2458377.0524679199 0.0000000000
2458377.0538567598 0.0000000000
2458377.0552456002 0.0000000000
2458377.0566344401 0.0000000000
2458377.0580232800 0.0000000000
2458377.0594121101 0.0000000000
2458377.0621897900 0.0000000000
2458377.0635786299 0.0000000000
2458377.0649674698 0.0000000000
2458377.0663563102 0.0000000000
2458377.0677451398 0.0000000000
2458377.0691339802 0.0000000000
2458377.0705228201 0.0000000000
2458377.0719116600 0.0000000000
2458377.0733004999 0.0000000000
2458377.0746893398 0.0000000000
2458377.0760781802 0.0000000000
2458377.0774670099 0.0000000000
2458377.0788558498 0.0000000000
2458377.0802446902 0.0000000000
2458377.0816335301 0.0000000000
2458377.0830223700 0.0000000000
2458377.0844112099 0.0000000000
2458377.0858000400 0.0000000000
2458377.0871888800 0.0000000000
2458377.0885777199 0.0000000000
2458377.0899665598 0.0000000000
2458377.0913554002 0.0000000000
2458377.0927442401 0.0000000000
2458377.0941330702 0.0000000000
2458377.0955219101 0.0000000000
2458377.0969107500 0.0000000000
2458377.0982995899 0.0000000000
2458377.0996884299 0.0000000000
2458377.1010772702 0.0000000000
2458377.1024661101 0.0000000000
2458377.1038549398 0.0000000000
2458377.1052437802 0.0000000000
2458377.1066326201 0.0000000000
2458377.1080214600 0.0000000000
2458377.1094102999 0.0000000000
2458377.1107991398 0.0000000000
2458377.1121879700 0.0000000000
2458377.1135768099 0.0000000000
2458377.1149656498 0.0000000000
2458377.1163544902 0.0000000000
2458377.1177433301 0.0000000000
