2456979.69790000 -0.000024 0.000040
2456979.71830000 -0.000047 0.000040
2456979.73870000 -0.000027 0.000040
2456979.75910000 -0.000006 0.000040
2456979.77960000 -0.000019 0.000040
2456979.80000000 -0.000002 0.000040
2456979.82040000 -0.000008 0.000040
2456979.84090000 0.000054 0.000040
2456979.86130000 0.000015 0.000040
2456979.88170000 0.000015 0.000040
2456979.90220000 -0.000027 0.000040
2456979.92260000 -0.000023 0.000040
2456979.94300000 -0.000020 0.000040
2456979.96350000 -0.000065 0.000040
2456979.98390000 0.000007 0.000040
2456980.00430000 -0.000062 0.000040
2456980.02480000 -0.000022 0.000040
2456980.04520000 0.000017 0.000040
2456980.06560000 0.000009 0.000040
2456980.08610000 0.000012 0.000040
2456980.10650000 0.000052 0.000040
2456980.12690000 -0.000024 0.000040
2456980.14740000 -0.000024 0.000040
2456989.68910000 0.000011 0.000040
2456989.70960000 -0.000040 0.000040
2456989.73000000 -0.000088 0.000040
2456989.75040000 0.000016 0.000040
2456989.77090000 0.000022 0.000040
2456989.79130000 0.000028 0.000040
2456989.81170000 0.000006 0.000040
2456989.83220000 -0.000039 0.000040
2456989.85260000 0.000004 0.000040
2456989.87300000 -0.000073 0.000040
2456989.89340000 0.000013 0.000040
2456989.91390000 -0.000024 0.000040
2456989.93430000 0.000064 0.000040
2456989.95470000 -0.000008 0.000040
2456989.97520000 0.000046 0.000040
2456989.99560000 0.000029 0.000040
2456990.01600000 0.000013 0.000040
2456990.03650000 0.000002 0.000040
2456990.05690000 -0.000047 0.000040
2456990.07730000 -0.000078 0.000040
2456990.09780000 0.000028 0.000040
2456990.11820000 -0.000011 0.000040
2456999.65990000 0.000064 0.000040
2456999.68030000 0.000052 0.000040
2456999.70070000 -0.000017 0.000040
2456999.72120000 0.000018 0.000040
2456999.74160000 -0.000028 0.000040
2456999.76200000 -0.000051 0.000040
2456999.78250000 0.000013 0.000040
2456999.80290000 -0.000015 0.000040
2456999.82330000 0.000006 0.000040
2456999.86420000 -0.000041 0.000040
2456999.88460000 -0.000049 0.000040
2456999.90510000 0.000044 0.000040
2456999.92550000 0.000007 0.000040
2456999.94590000 -0.000022 0.000040
2456999.96630000 0.000027 0.000040
2456999.98680000 -0.000032 0.000040
2457000.00720000 0.000009 0.000040
2457000.02760000 -0.000034 0.000040
2457000.04810000 0.000099 0.000040
2457000.06850000 0.000039 0.000040
2457000.10940000 -0.000072 0.000040
2457009.67140000 -0.000023 0.000040
2457009.69180000 0.000013 0.000040
2457009.71230000 -0.000029 0.000040
2457009.73270000 0.000009 0.000040
2457009.75310000 -0.000062 0.000040
2457009.77360000 -0.000025 0.000040
2457009.79400000 0.000040 0.000040
2457009.81440000 -0.000001 0.000040
2457009.83490000 -0.000007 0.000040
2457009.85530000 0.000033 0.000040
2457009.87570000 0.000012 0.000040
2457009.89610000 0.000018 0.000040
2457009.91660000 0.000024 0.000040
2457009.93700000 0.000022 0.000040
2457009.95740000 -0.000039 0.000040
2457009.97790000 0.000031 0.000040
2457009.99830000 0.000001 0.000040
2457010.01870000 -0.000013 0.000040
2457010.03920000 -0.000005 0.000040
2457010.05960000 0.000029 0.000040
2457010.08000000 0.000117 0.000040
2457019.62160000 0.000022 0.000040
2457019.64200000 -0.000001 0.000040
2457019.66240000 0.000006 0.000040
2457019.68290000 -0.000009 0.000040
2457019.72370000 -0.000049 0.000040
2457019.74420000 -0.000061 0.000040
2457019.76460000 -0.000089 0.000040
2457019.78500000 -0.000051 0.000040
2457019.80550000 -0.000047 0.000040
2457019.82590000 0.000002 0.000040
2457019.84630000 -0.000035 0.000040
2457019.86680000 0.000009 0.000040
2457019.88720000 -0.000005 0.000040
2457019.90760000 -0.000003 0.000040
2457019.92810000 -0.000013 0.000040
2457019.94850000 -0.000032 0.000040
2457019.96890000 0.000013 0.000040
2457019.98940000 -0.000031 0.000040
2457020.00980000 0.000027 0.000040
2457020.03020000 0.000045 0.000040
2457020.05060000 0.000035 0.000040
2457029.59220000 -0.000007 0.000050
2457029.61260000 -0.000010 0.000050
2457029.63300000 0.000011 0.000050
2457029.65350000 0.000078 0.000050
2457029.67390000 -0.000103 0.000050
2457029.69430000 0.000028 0.000050
2457029.71480000 -0.000021 0.000050
2457029.73520000 -0.000033 0.000050
2457029.77610000 -0.000015 0.000050
2457029.79650000 0.000037 0.000050
2457029.81690000 -0.000017 0.000050
2457029.83740000 -0.000032 0.000050
2457029.85780000 0.000012 0.000050
2457029.87820000 0.000132 0.000050
2457029.89870000 0.000055 0.000050
2457029.91910000 0.000045 0.000050
2457029.93950000 0.000092 0.000050
2457029.95990000 0.000024 0.000050
2457029.98040000 -0.000002 0.000050
2457030.02120000 0.000087 0.000050
2457030.04170000 0.000081 0.000050
2457039.58320000 0.000028 0.000050
2457039.60360000 0.000016 0.000050
2457039.62410000 -0.000033 0.000050
2457039.64450000 0.000046 0.000050
2457039.66490000 0.000059 0.000050
2457039.68540000 0.000076 0.000050
2457039.70580000 0.000056 0.000050
2457039.72620000 -0.000073 0.000050
2457039.74670000 0.000006 0.000050
2457039.76710000 -0.000011 0.000050
2457039.82840000 0.000041 0.000050
2457039.84880000 -0.000038 0.000050
2457039.86930000 -0.000000 0.000050
2457039.88970000 -0.000036 0.000050
2457039.91010000 -0.000060 0.000050
2457039.93050000 0.000007 0.000050
2457039.95100000 -0.000055 0.000050
2457039.97140000 -0.000054 0.000050
2457039.99180000 -0.000068 0.000050
2457040.01230000 0.000059 0.000050
