2456979.6979000000 0.0000000000
2456979.7182999998 0.0000000000
2456979.7387000001 0.0000000000
2456979.7590999999 0.0000000000
2456979.7796000000 0.0000000000
2456979.7999999998 0.0000000000
2456979.8204000001 0.0000000000
2456979.8409000002 0.0000000000
2456979.8613000000 -0.0000607106
2456979.8816999998 -0.0001955854
2456979.9021999999 -0.0002246045
2456979.9226000002 -0.0002350603
2456979.9430000000 -0.0002359240
2456979.9635000001 -0.0002277292
2456979.9838999999 -0.0002050458
2456980.0043000001 -0.0001157876
2456980.0247999998 0.0000000000
2456980.0452000001 0.0000000000
2456980.0655999999 0.0000000000
2456980.0861000000 0.0000000000
2456980.1065000002 0.0000000000
2456980.1269000000 0.0000000000
2456980.1474000001 0.0000000000
2456989.6891000001 0.0000000000
2456989.7096000002 0.0000000000
2456989.7300000000 0.0000000000
2456989.7503999998 0.0000000000
2456989.7708999999 0.0000000000
2456989.7913000002 0.0000000000
2456989.8117000000 0.0000000000
2456989.8322000001 -0.0000067849
2456989.8525999999 -0.0001718591
2456989.8730000001 -0.0002168723
2456989.8933999999 -0.0002324327
2456989.9139000000 -0.0002365761
2456989.9342999998 -0.0002320630
2456989.9547000001 -0.0002161354
2456989.9752000002 -0.0001734635
2456989.9956000000 -0.0000148791
2456990.0159999998 0.0000000000
2456990.0364999999 0.0000000000
2456990.0569000002 0.0000000000
2456990.0773000000 0.0000000000
2456990.0978000001 0.0000000000
2456990.1181999999 0.0000000000
2456999.6598999999 0.0000000000
2456999.6803000001 0.0000000000
2456999.7006999999 0.0000000000
2456999.7212000000 0.0000000000
2456999.7415999998 0.0000000000
2456999.7620000001 0.0000000000
2456999.7825000002 0.0000000000
2456999.8029000000 0.0000000000
2456999.8232999998 -0.0001041277
2456999.8642000002 -0.0002282577
2456999.8846000000 -0.0002360407
2456999.9051000001 -0.0002348390
2456999.9254999999 -0.0002239774
2456999.9459000002 -0.0001955035
2456999.9663000000 -0.0000728026
2456999.9868000001 0.0000000000
2457000.0071999999 0.0000000000
2457000.0276000001 0.0000000000
2457000.0480999998 0.0000000000
2457000.0685000001 0.0000000000
2457000.1094000000 0.0000000000
2457009.6713999999 0.0000000000
2457009.6918000001 0.0000000000
2457009.7122999998 0.0000000000
2457009.7327000001 0.0000000000
2457009.7530999999 0.0000000000
2457009.7736000000 0.0000000000
2457009.7940000002 -0.0000384236
2457009.8144000000 -0.0001882095
2457009.8349000001 -0.0002220287
2457009.8552999999 -0.0002342395
2457009.8757000002 -0.0002363090
2457009.8961000000 -0.0002296141
2457009.9166000001 -0.0002096654
2457009.9369999999 -0.0001425519
2457009.9574000002 0.0000000000
2457009.9778999998 0.0000000000
2457009.9983000001 0.0000000000
2457010.0186999999 0.0000000000
2457010.0392000000 0.0000000000
2457010.0595999998 0.0000000000
2457010.0800000001 0.0000000000
2457019.6216000002 0.0000000000
2457019.6420000000 0.0000000000
2457019.6623999998 0.0000000000
2457019.6828999999 0.0000000000
2457019.7237000000 0.0000000000
2457019.7442000001 0.0000000000
2457019.7645999999 0.0000000000
2457019.7850000001 -0.0001467228
2457019.8054999998 -0.0002128983
2457019.8259000001 -0.0002309648
2457019.8462999999 -0.0002365053
2457019.8668000000 -0.0002333457
2457019.8872000002 -0.0002196017
2457019.9076000000 -0.0001838717
2457019.9281000001 -0.0000358640
2457019.9484999999 0.0000000000
2457019.9689000002 0.0000000000
2457019.9893999998 0.0000000000
2457020.0098000001 0.0000000000
2457020.0301999999 0.0000000000
2457020.0506000002 0.0000000000
2457029.5921999998 0.0000000000
2457029.6126000001 0.0000000000
2457029.6329999999 0.0000000000
2457029.6535000000 0.0000000000
2457029.6738999998 0.0000000000
2457029.6943000001 0.0000000000
2457029.7148000002 0.0000000000
2457029.7352000000 0.0000000000
2457029.7760999999 -0.0001994107
2457029.7965000002 -0.0002259149
2457029.8169000000 -0.0002354431
2457029.8374000001 -0.0002356099
2457029.8577999999 -0.0002265769
2457029.8782000002 -0.0002021339
2457029.8986999998 -0.0001002743
2457029.9191000001 0.0000000000
2457029.9394999999 0.0000000000
2457029.9599000001 0.0000000000
2457029.9803999998 0.0000000000
2457030.0211999998 0.0000000000
2457030.0416999999 0.0000000000
2457039.5832000002 0.0000000000
2457039.6036000000 0.0000000000
2457039.6241000001 0.0000000000
2457039.6444999999 0.0000000000
2457039.6649000002 0.0000000000
2457039.6853999998 0.0000000000
2457039.7058000001 0.0000000000
2457039.7261999999 -0.0000141211
2457039.7467000000 -0.0001776366
2457039.7670999998 -0.0002185307
2457039.8284000000 -0.0002313833
2457039.8487999998 -0.0002143540
2457039.8692999999 -0.0001677084
2457039.8897000002 -0.0000066143
2457039.9101000000 0.0000000000
2457039.9304999998 0.0000000000
2457039.9509999999 0.0000000000
2457039.9714000002 0.0000000000
2457039.9918000000 0.0000000000
2457040.0123000001 0.0000000000
