# Filtername, Wavelength (um), model flux, flux, error, residuals (erg/s/cm^2)
Tycho_B      0.42800000   7.3814136e-09   7.5586781e-09   1.3923600e-10
   1.3923600e-10   1.7726449e-10
Tycho_V      0.53400000   1.0113338e-08   9.8832037e-09   1.8205534e-10
   1.8205534e-10  -2.3013443e-10
2MASS_J       1.2350000   5.0933555e-09   5.1169343e-09   9.4257414e-11
   9.4257414e-11   2.3578779e-11
2MASS_H       1.6620000   3.1008505e-09   3.0286818e-09   1.1158076e-10
   1.1158076e-10  -7.2168725e-11
2MASS_Ks       2.1590000   1.6063161e-09   1.6379192e-09   4.5257381e-11
   4.5257381e-11   3.1603149e-11
WISE_W1       3.3526000   4.8661593e-10   5.2668182e-10   2.6680054e-11
   2.6680054e-11   4.0065893e-11
WISE_W2       4.6028000   1.9404597e-10   2.0212796e-10   5.5850020e-12
   5.5850020e-12   8.0819869e-12
WISE_W3       11.560800   1.4532686e-11   1.4321573e-11   3.9571970e-13
   3.9571970e-13  -2.1111297e-13
WISE_W4       22.088300   1.9464623e-12   1.9069718e-12   1.7563860e-13
   1.7563860e-13  -3.9490543e-14
Gaia_G_DR2Rev      0.58363000   9.4605995e-09   9.5467014e-09   1.7585674e-10
   1.7585674e-10   8.6101831e-11
Gaia_BP_DR2Rev      0.50209000   8.9010152e-09   8.9069632e-09   1.6407233e-10
   1.6407233e-10   5.9480369e-12
Gaia_RP_DR2Rev      0.75888000   8.7719180e-09   8.5962043e-09   1.5834794e-10
   1.5834794e-10  -1.7571366e-10
