1.#	2.pl_orbper	3.pl_ttvflag	4.st_teff	5.st_mass	6.st_rad	7.pl_name	8.pl_rvflag	9.pl_masse	10.pl_masseerr1	11.pl_masseerr2	12.pl_rade	13.pl_radeerr1	14.pl_radeerr2	15.met	16.mass_ref	17.radius_ref	18.add_ref
RV planets < 1.4 Earth radii
1	0.584249	0	5185.	0.837	0.793	K2-229 b	1	2.59	0.43	-0.43	1.164	0.066	-0.048	-0.09	Santerne_2018	Santerne_2018
2	1.6289287	0	3270.	0.181	0.211	GJ 1132 b	1	1.66	0.23	-0.23	1.13	0.056	-0.056	0.	Bonfils_2018	Dittman_2017	Diamond-Lowe_2018
3	0.355007	0	5058.	0.76	0.74	K-78 b	1	1.87	0.27	-0.26	1.2	0.09	-0.09	-0.14	Grunblatt_2015	Grunblatt_2015
4	3.777931	0	3216.	0.179	0.2139	LHS 1140 c	1	1.81	0.39	-0.39	1.282	0.024	-0.024	-0.24	Ment_2018	Ment_2018	Dittmann_2017
5	3.930560	0	3505.	0.342	0.337	GI 357 b	1	1.63	0.29	-0.30	1.166	0.065	-0.064	0.	Luque_2019	Luque_2019	Schweitzer_2019
RV planets 1.4-2.0 Earth radii
1	2.1700	0	4503.	0.7	0.72	K2-216 b	1	7.4	2.2	-2.2	1.8	0.2	-0.1	-0.18	Persson_2018	Persson_2018	Mayo_2018
2	0.7365	0	5172.	0.91	0.94	55 Cnc e	1	8.0	0.3	-0.3	1.88	0.03	-0.03	0.31	Demory_2016	Bourrier_2018	Winn_2011
3	0.8536	0	5259.	0.91	0.82	CoRoT-7 b	1	5.74	0.86	-0.86	1.7	0.1	-0.1	0.05	Barros_2014	Stassun_2017	Haywood_2014
4	3.0929	0	4699.	0.81	0.78	HD 219134 b	1	4.74	0.19	-0.19	1.602	0.055	-0.055	0.11	Gillon_2017	Gillon_2017	Motalebi_2015
5	6.7646	0	4699.	0.81	0.78	HD 219134 c	1	4.36	0.22	-0.22	1.511	0.047	-0.047	0.11	Gillon_2017	Gillon_2017	Motalebi_2015
6	0.9596	0	5261.	0.86	0.86	HD 3167 b	1	5.02	0.38	-0.38	1.7	0.18	-0.15	0.04	Christiansen_2017	Christiansen_2017	Gandolfi_2017
7	24.64	0	3896.	0.6	0.56	K2-3 c	1	3.1	1.3	-1.2	1.77	0.18	-0.18	-0.01	Damasso_2018	Damasso_2018	Sinukoff_2016
8	44.56	0	3896.	0.6	0.56	K2-3 d	1	2.7	1.2	-0.8	1.65	0.17	-0.17	-0.01	Damasso_2018	Damasso_2018	Sinukoff_2016
9	0.5713	0	5470.	0.945	0.87	K2-106 b	1	8.36	0.96	-0.94	1.52	0.16	-0.16	-0.025	Guenther_2017	Guenther_2017	Sinukoff_2017
10	0.3693	0	5200.	0.84	0.81	K2-131 b	1	6.5	1.6	-1.6	1.81	0.16	-0.12	0	Dai_2017	Dai_2017	Mayo_2018
11	0.2803	0	4599.	0.71	0.68	K2-141 b	1	5.08	0.41	-0.41	1.51	0.05	-0.05	-0.06	Malavolta_2018	Malavolta_2018	Barragan_2018
12	0.8375	0	5599.	0.91	1.09	K-10 b	1	4.61	1.27	-1.46	1.489	0.07	-0.062	-0.15	Esteves_2015	Berger_2018	Dumusque_2014
13	3.6961	0	5508.	0.95	0.89	K-20 b	1	9.7	1.41	-1.44	1.707	0.08	-0.068	0.07	Buchhave_2016	Berger_2018	Gautier_2012
14	2.78578	0	6202.	1.41	1.93	K-21 b	1	5.08	1.72	-1.72	1.639	0.019	-0.015	-0.1	Lopez-Morales_2016	Lopez-Morales_2016	Howell_2012
15	2.42629	0	5656.	1.07	1.07	K-406 b	1	6.35	1.4	-1.4	1.558	0.148	-0.119	0.26	Marcy_2014	Berger_2018	Morton_2016
16	4.72674	0	5594.	0.91	0.94	K-93 b	1	4.02	0.68	-0.68	1.642	0.069	-0.108	-0.2	Dressing_2015	Berger_2018	Ballard_2014
17	4.60358	0	4852.	0.79	0.74	K-99 b	1	6.15	1.3	-1.3	1.511	0.073	-0.069	0.18	Marcy_2014	Berger_2018	Morton_2016
18	24.7371	0	3216.	0.179	0.2139	LHS 1140 b	1	6.98	0.89	-0.89	1.727	0.032	-0.032	-0.24	Ment_2018	Ment_2018	Dittmann_2017	
19	0.78964	0	5576.	1.11	1.16	WASP-47 e	1	6.83	0.66	-0.66	1.81	0.027	-0.027	0.36	Vanderburg_2017	Vanderburg_2017	Almenara_2016
20	3.50473	1	5441.	0.97	0.92	K-18 b	1	6.9	3.4	-3.4	1.765	0.185	-0.165	0.19	Cochran_2011	Berger_2018	Morton_2016
21	2.36917	0	5477.	0.915	0.977	K2-265 b	1	6.54	0.84	-0.84	1.71	0.11	-0.11	0.078	Lam_2018	Lam_2018
22	1.2090	0	4340.	0.606	0.602	GJ 9827 b	1	4.91	0.49	-0.49	1.577	0.027	-0.031	-0.26	Rice_2019	Rice_2019
23	3.6481	0	4340.	0.606	0.602	GJ 9827 c	1	0.84	0.66	-0.5	1.241	0.024	-0.026	-0.26	Rice_2019	Rice_2019
24	1.4226	0	4916.	0.79	0.718	K2-36 b	1	3.9	1.1	-1.1	1.43	0.08	-0.08	-0.09	Damasso_2018	Damasso_2018	Sinukoff_2016
25	3.18002	0	5854.	1.238	1.447	K-107 b	1	3.51	1.52	-1.52	1.536	0.025	-0.025	0.321	Bonomo_2018	Bonomo_2018	Rowe_2014
26	4.90145	0	5854.	1.238	1.447	K-107 c	1	9.39	1.77	-1.77	1.597	0.026	-0.026	0.321	Bonomo_2018	Bonomo_2018	Rowe_2014
27	1.00804	0	5978.	1.068	1.1011	HD 213885 b (TOI-141)	1	8.83	0.66	-0.65	1.745	0.051	-0.052	-0.04	Espinoza_2019	Espinoza_2019
28	4.75642	0	5131.	0.851	0.839	HD 15337 b (TOI-402)	1	7.20	0.81	-0.81	1.70	0.06	-0.06	0.03	Fdumusque_2019	Dumusque_2019	Gandolfi_2019
29	2.22518	0	5520.	0.934	0.899	K2-291 b	1	6.49	1.16	-1.16	1.589	0.095	-0.072	0.08	Kosiarek_2019	Kosiarek_2019
RV planets 2.0-3.0 Earth radii
1	41.6855	0	5766.	1.67	1.08	K2-56 b	1	16.3	6.	-6.1	2.6	0.1	-0.1	-0.15	Espinoza_2016	Stassun_2017	Mayo_2018
2	1.58040	0	3026.	0.15	0.22	GJ 1214 b	1	6.26	0.86	-0.86	2.85	0.2	-0.2	0.15	Harpsoe_2013	Harpsoe_2013	Charbonneau_2009
3	9.4909	0	5175.	0.75	0.74	HD 97658 b	1	7.86	0.73	-0.73	2.4	0.1	-0.1	-0.3	Dragomir_2013	Stassun_2017	Van_Grootel_2014
4	9.1205	0	5089.	0.78	0.72	HIP 116454 b	1	11.82	1.33	-1.33	2.5	0.1	-0.1	-0.16	Vanderburg_2015	Stassun_2017	
5	10.0545	0	3896.	0.6	0.56	K2-3 b	1	6.6	1.1	-1.1	2.29	0.23	-0.23	-0.01	Damasso_2018	Damasso_2018	Sinukoff_2016
6	13.8638	0	5010.	0.74	0.71	K2-110 b	1	16.7	3.2	-3.2	2.6	0.1	-0.1	-0.34	Osborn_2017	Osborn_2017	Mayo_2018
7	32.9396	0	3503.	0.495	0.469	K2-18 b	1	8.63	1.35	-1.35	2.711	0.065	-0.065	0.123	Cloutier_2018	Cloutier_2018	Benneke_2017
8	45.2943	1	5599.	0.91	1.09	K-10 c	1	17.2	1.9	-1.9	2.35	0.1	-0.1	-0.15	Dumusque_2014	Berger_2018	Weiss_2016
9	16.1457	0	4909.	0.81	0.73	K-102 e	1	8.93	2.	-2.	2.43	0.1	-0.2	0.18	Marcy_2014	Berger_2018	Morton_2016
10	13.5708	0	5860.	1.	1.04	K-106 c	1	10.44	3.2	-3.2	2.5	0.32	-0.32	-0.12	Marcy_2014	Marcy_2014	Morton_2016
11	43.8444	0	5860.	1.	1.04	K-106 e	1	11.17	5.8	-5.8	2.56	0.33	-0.33	-0.12	Marcy_2014	Marcy_2014	Morton_2016
12	16.092	0	5787.	1.02	1.00	K-131 b	1	16.13	3.5	-3.5	2.4	0.2	-0.2	0.12	Marcy_2014	Marcy_2014	Morton_2016
13	9.287	0	5520.	0.936	0.88	K-19 b	1	8.4	1.6	-1.5	2.3	0.1	-0.1	-0.08	Malavolta_2017	Berger_2018	Ballard_2011
14	77.6113	0	5508.	0.95	0.89	K-20 d	1	10.07	3.97	-3.7	2.5	0.1	-0.1	0.07	Buchhave_2016	Berger_2018	Gautier_2012
15	6.2385	1	6285.	1.19	1.36	K-25 b	1	9.6	4.2	-4.2	2.73	0.12	-0.11	-0.04	Marcy_2014	Berger_2018	Hadden_2014
16	10.5738	0	5678.	1.03	1.08	K-454 b	1	6.84	1.4	-1.4	2.06	0.1	-0.2	0.27	Gettel_2016	Berger_2018	Stassun_2017
17	9.67395	1	5235.	0.88	0.85	K-48 c	1	14.61	2.3	-2.3	2.56	0.1	-0.1	0.17	Marcy_2014	Berger_2018	Hadden_2014
18	5.39875	0	5789.	1.08	1.26	K-68 b	1	8.3	2.2	-2.4	2.32	0.1	-0.1	0.12	Gilliland_2013	Berger_2018	van_Eylen_2015
19	16.2385	0	5751.	1.	0.95	K-96 b	1	8.46	3.4	-3.4	2.64	0.1	-0.24	0.04	Marcy_2014	Berger_2018	Morton_2016
20	4.754	0	4791.	0.75	0.75	K-113 b	1	11.7	4.2	-4.2	2.16	0.1	-0.2	0.05	Marcy_2014	Berger_2018	Morton_2016
21	10.8541	0	5508.	0.95	0.89	K-20 c	1	12.75	2.17	-2.24	2.87	0.19	-0.13	0.07	Buchhave_2016	Berger_2018	Gautier_2012
22	3.47175	0	4975.	0.83	0.787	K2-285 b	1	9.68	1.21	-1.37	2.59	0.06	-0.06	0.0	Palle_2018	Palle_2018
23	50.8190	0	5372.	0.88	0.85	K2-263 b	1	14.8	3.1	-3.1	2.41	0.12	-0.12	-0.08	Mortier_2018	Mortier_2018
24	6.2682	0	6037.	1.094	1.10	Pi Mensae c (HD 39091)	1	4.82	0.84	-0.86	2.14	0.044	-0.044	0.08	Huang_2018	Huang_2018	Gandolfi_2018
25	6.2015	0	4340.	0.606	0.602	GJ 9827 d	1	4.04	0.82	-0.84	2.022	0.046	-0.043	-0.26	Rice_2019	Rice_2019
26	14.7491	0	5854.	1.238	1.447	K-107 e	1	8.6	3.6	-3.6	2.903	0.035	-0.035	0.321	Bonomo_2018	Bonomo_2018	Rowe_2014
27	35.6125	0	4640.	0.73	0.695	HD 21749 b (TOI-186)	1	22.7	2.2	-1.9	2.61	0.17	-0.16	Dragomir_2019	Dragomir_2019
28	17.1784	0	5131.	0.851	0.839	HD 15337 c (TOI-402)	1	8.79	1.67	-1.67	2.52	0.11	-0.11	0.03	Dumusque_2019	Dumusque_2019	Gandolfi_2019
RV planets 3.0-4.0 Earth radii
1	29.8454	0	5261.	0.86	0.86	HD 3167 c	1	9.8	1.3	-1.24	3.01	0.42	-0.28	0.04	Christiansen_2017	Christiansen_2017	Gandolfi_2017
2	10.9542	1	5466.	0.956	0.906	K-88 b	1	8.7	2.5	-2.5	3.82	0.17	-0.34	0.20	Nesvorny_2013	Berger_2018
3	2.50806	0	4728.	0.81	0.747	K-94 b	1	10.84	1.4	-1.4	3.19	0.14	-0.25	0.34	Marcy_2014	Berger_2018
4	11.5231	0	5654.	1.08	1.418	K-95 b	1	13.	2.9	-2.9	3.14	0.14	-0.13	0.30	Marcy_2014	Berger_2018
5	7.13805	0	4975.	0.83	0.787	K2-285 c	1	15.68	2.28	-2.13	3.53	0.08	-0.08	0.0	Palle_2018	Palle_2018
6	1.33735	0	5143.	0.75	0.84	NGTS-4 b	1	20.6	3.0	-3.0	3.18	0.26	-0.26	-0.28	West_2018	West_2018
7	5.3409	0	4916.	0.79	0.718	K2-36 c	1	7.8	2.3	-2.3	3.2	0.3	-0.3	-0.09	Damasso_2018	Damasso_2018	Sinukoff_2016
RV planets 4.0-8.0 Earth radii
1	3.33665	1	3600.	0.51	0.547	GJ 3470 b	1	13.9	1.5	-1.5	4.57	0.18	-0.18	0.18	Awiphan_2016	Awiphan_2016	Biddle_2014
2	2.84927	0	4300.	0.688	0.715	K2-55 b	1	43.13	5.98	-5.80	4.41	0.32	-0.28	0.376	Dressing_2018	Dressing_2018
3	3.18532	0	4985.	0.85	0.81	HATS-7 b	1	38.1396	3.81396	-3.81396	6.311	0.516	-0.381	0.25	Bakos_2015	Bakos_2015
4	11.8140	0	5499.	1.12	1.66	HD 89345 b	1	35.7	3.3	-3.3	6.86	0.14	-0.14	0.45	Van_Eylen_2018	Van_Eylen_2018
5	4.73401	0	5474.	1.12	1.75	K2-108 b	1	59.4	4.4	-4.4	5.28	0.54	-0.54	0.33	Petigura_2017	Petigura_2017	Mayo_2018
6	8.99213	0	5275.	0.86	0.84	K2-32 b	1	16.5	2.7	-2.7	5.13	0.28	-0.28	-0.02	Petigura_2017	Petigura_2017	Dai_2016
7	10.137	0	6120.	1.07	1.31	K2-98 b	1	32.2	8.1	-8.1	4.3	0.3	-0.2	-0.2	Barragan_2016	Barragan_2016	Mayo_2018
8	3.83617	0	4910.	0.84	0.76	WASP-156 b	1	40.68224	3.1783	-2.86047	5.717	0.224	-0.224	0.24	Demangeon_2017	Demangeon_2017
9	4.88782	0	4708.	0.88	0.77	HAT-P-11 b	1	23.4	1.5	-1.5	4.36	0.06	-0.06	0.31	Yee_2018	Yee_2018	Bakos_2010
10	3.21346	0	5857.	1.22	1.49	K-4 b	1	24.472	3.814	-3.814	4.076	0.181	-0.17	0.17	Borucki_2010	Berger_2018	Southworth_2011
11	6.21229	0	5080.	0.88	0.77	CoRoT-8 b	1	69.92	9.53	-9.53	6.39	0.22	-0.22	0.3	Borde_2010	Borde_2010	Southworth_2011
12	4.23452	0	5079.	1.12	0.87	HAT-P-26 b	1	22.2481	6.3566	-6.3566	7.062	0.448	-0.448	-0.04	Stassun_2017	Stassun_2017	Stevenson_2016
13	7.64159	1	5441.	0.97	0.916	K-18 c	1	17.3	1.9	-1.9	4.263	0.183	-0.172	0.19	Cochran_2011	Berger_2018	Hadden_2014
14	14.8589	1	5441.	0.97	0.916	K-18 d	1	16.4	1.4	-1.4	5.16	0.219	-0.215	0.19	Cochran_2011	Berger_2018	Hadden_Lithwich_2017
15	12.7204	1	6285.	1.19	1.36	K-25 c	1	24.6	5.7	-5.7	5.134	0.216	-0.414	-0.04	Marcy_2014	Berger_2018	Hadden_2014
16	2.64388	0	3416.	0.47	0.455	GJ 436 b	1	21.36	0.2	-0.2	4.191	0.109	-0.109	0.02	Trifonov_2018	Turner_2016	Maciejewski_2014
17	31.5787	0	5731.	1.03	1.10	K-1656 b	1	48.6	4.2	-3.8	5.02	0.53	-0.53	0.19	Brady_2018	Brady_2018
18	20.8898	1	5625.	1.07	1.16	K2-24 b	1	19.0	2.2	-2.1	5.4	0.2	-0.2	0.34	Petigura_2018	Petigura_2018
19	42.3391	1	5625.	1.07	1.16	K2-24 c	1	15.4	1.9	-1.8	7.5	0.3	-0.3	0.34	Petigura_2018	Petigura_2018
20	3.48768	0	5667.	1.17	1.56	K-101 b	1	51.1	5.1	-4.7	5.77	0.85	-0.79	0.33	Bonomo_2014	Bonomo_2014
21	6.77132	0	5248.	0.866	0.885	K2-27 b	1	30.9	4.6	-4.6	4.48	0.23	-0.23	0.13	Petigura_2017	Petigura_2017	Crossfield_2016
22	4.60497	0	4912.	1.192	2.93	K2-39 b	1	39.8	4.4	-4.4	5.71	0.63	-0.63	0.43	Petigura_2017	Petigura_2017	Crossfield_2016
TTV planets <8.0 Earth radii
1	10.3039	1	5763.	1.04	1.091	K-11 b	0	2.78	0.64	-0.66	1.916	0.095	-0.081	-0.041	Bedell_2017 	Berger_2018
2	13.0241	1	5763.	1.04	1.091	K-11 c	0	5.00	1.30	-1.35	3.006	0.138	-0.124	-0.041	Bedell_2017	Berger_2018
3	22.6845	1	5763.	1.04	1.091	K-11 d	0	8.13	0.67	-0.66	3.338	0.158	-0.138	-0.041	Bedell_2017 	Berger_2018
4	31.9996	1	5763.	1.04	1.091	K-11 e	0	9.48	0.86	-0.88	4.3	0.188	-0.309	-0.041	Bedell_2017 	Berger_2018
5	46.6888	1	5836.	1.04	1.091	K-11 f	0	2.53	0.49	-0.45	2.627	0.124	-0.116	-0.041	Bedell_2017 	Berger_2018
6	12.28	1	3884.	0.54	0.607	K-26 b	0	5.12	0.65	-0.61	3.197	0.097	-0.093	-0.13	Jontof_Hutter_2016	Berger_2018
7	17.2559	1	3884.	0.54	0.607	K-26 c	0	6.2	0.65	-0.65	2.982	0.278	-0.229	-0.13	Jontof_Hutter_2016	Berger_2018
8	10.3384	1	5378.	0.98	0.749	K-29 b	0	4.51	1.41	-1.47	2.564	0.16	-0.141	-0.04	Jontof_Hutter_2016	Berger_2018
9	13.2884	1	5378.	0.98	0.749	K-29 c	0	4.	1.23	-1.29	2.396	0.151	-0.133	-0.04	Jontof_Hutter_2016	Berger_2018
10	29.33434	1	5454.	0.99	0.834	K-30 b	0	8.8	0.6	-0.5	1.837	0.124	-0.171	0.18	Hadden_Lithwick_2017	Berger_2018
11	13.83989	1	5979.	1.07	1.652	K-36 b	0	3.9	0.2	-0.2	1.514	0.082	-0.071	-0.2	Hadden_Lithwick_2017	Berger_2018
12	16.23855	1	5979.	1.07	1.652	K-36 c	0	7.5	0.3	-0.3	3.688	0.165	-0.153	-0.2	Hadden_Lithwick_2017	Berger_2018
13	45.154	1	5674.	1.04	0.833	K-51 b	0	2.3	1.7	-1.6	6.559	0.316	-0.297	0.	Hadden_Lithwick_2017	Berger_2018
14	7.1334	1	5834.	1.041	1.469	K-60 b	0	3.7	0.6	-0.6	1.845	0.339	-0.117	-0.09	Hadden_Lithwick_2017	Berger_2018
15	8.9187	1	5834.	1.041	1.469	K-60 c	0	2.0	0.3	-0.5	2.062	0.378	-0.131	-0.09	Hadden_Lithwick_2017	Berger_2018
16	11.8981	1	5834.	1.041	1.469	K-60 d	0	3.9	0.7	-0.6	1.901	0.495	-0.17	-0.09	Hadden_Lithwick_2017	Berger_2018
17	27.4029	1	6389.	1.17	1.345	K-79 c	0	5.9	1.9	-2.3	3.684	0.181	-0.165	-0.073	Jontof_Hutter_2014	Berger_2018
18	52.0902	1	6389.	1.17	1.345	K-79 d	0	6.	2.1	-1.6	7.251	0.34	-0.322	-0.073	Jontof_Hutter_2014	Berger_2018
19	81.0659	1	6389.	1.17	1.345	K-79 e	0	4.1	1.2	-1.1	3.054	0.76	-0.186	-0.073	Jontof_Hutter_2014	Berger_2018
20	7.05246	1	4665.	0.73	0.681	K-80 b	0	6.93	1.05	-0.7	2.592	0.116	-0.11	0.04	MacDonald_2016	Berger_2018
21	9.52355	1	4665.	0.73	0.681	K-80 c	0	6.74	1.23	-0.86	2.594	0.121	-0.109	0.04	MacDonald_2016	Berger_2018
22	3.07222	1	4665.	0.73	0.681	K-80 d	0	6.75	0.69	-0.51	1.561	0.081	-0.064	0.04	MacDonald_2016	Berger_2018
23	4.64489	1	4665.	0.73	0.681	K-80 e	0	4.13	0.81	-0.95	1.602	0.081	-0.069	0.04	MacDonald_2016	Berger_2018
24	10.4208	1	5559.	0.91	0.936	K-307 b	0	8.8	0.9	-0.9	2.85	0.274	-0.208	0.19	Hadden_Lithwick_2017	Berger_2018
25	13.0729	1	5559.	0.91	0.936	K-307 c	0	3.9	0.7	-0.7	2.569	0.279	-0.211	0.19	Hadden_Lithwick_2017	Berger_2018
26	66.0634	1	5989.	1.08	1.013	K-289 d	0	4.	0.9	-0.9	2.668	0.17	-0.17	0.05	Rowe_2014	Rowe_2014
27	1.51087081	1	2559.	0.08	0.12	TRAPPIST-1 b	0	1.22	0.15	-0.15	1.121	0.031	-0.032	0.04	Demory_2018	Grimm_2018
28	2.4218233	1	2559.	0.08	0.12	TRAPPIST-1 c	0	1.24	0.15	-0.15	1.095	0.03	-0.031	0.04	Demory_2018	Grimm_2018
29	4.049610	1	2559.	0.08	0.12	TRAPPIST-1 d	0	0.37	0.04	-0.04	0.784	0.023	-0.023	0.04	Demory_2018	Grimm_2018
30	6.099615	1	2559.	0.08	0.12	TRAPPIST-1 e	0	0.66	0.079	-0.075	0.91	0.026	-0.027	0.04	Demory_2018	Grimm_2018
31	9.206690	1	2559.	0.08	0.12	TRAPPIST-1 f	0	0.97	0.08	-0.078	1.046	0.029	-0.03	0.04	Demory_2018	Grimm_2018
32	12.35294	1	2559.	0.08	0.12	TRAPPIST-1 g	0	1.27	0.098	-0.095	1.148	0.032	-0.033	0.04	Demory_2018	Grimm_2018
33	18.76700	1	2559.	0.08	0.12	TRAPPIST-1 h	0	0.37	0.049	-0.056	0.773	0.027	-0.026	0.04	Demory_2018	Grimm_2018