BJD_UTC	vrad	svrad	fwhm	contrast	bis_span	noise	s_mw	sig_s	rhk	sig_rhk	sn_CaII	sn10	sn50	sn60	exptime	spectrograph	version
2457254.593124	-17424.22	1.03	7615.54	30.860	59.04	0.96	0.00	0.00	0.00	0.00	0.00	71.60	150.90	143.90	900	HARPSN	HN3.7
2457257.578995	-17422.45	1.15	7613.57	30.786	62.07	1.09	0.00	0.00	0.00	0.00	0.00	62.10	134.80	132.00	900	HARPSN	HN3.7
2457267.619795	-17423.43	1.17	7621.53	30.692	60.57	1.12	0.00	0.00	0.00	0.00	0.00	60.10	135.80	133.00	900	HARPSN	HN3.7
2457269.560355	-17425.70	1.25	7619.69	30.672	58.82	1.20	0.00	0.00	0.00	0.00	0.00	56.60	126.60	127.70	900	HARPSN	HN3.7
2457270.543983	-17426.49	0.87	7618.71	30.670	63.70	0.80	0.00	0.00	0.00	0.00	0.00	86.90	190.90	191.70	900	HARPSN	HN3.7
2457271.547355	-17426.33	0.86	7621.77	30.568	61.33	0.79	0.00	0.00	0.00	0.00	0.00	86.50	197.20	201.30	900	HARPSN	HN3.7
2457272.586106	-17426.09	1.01	7614.22	30.812	60.85	0.95	0.00	0.00	0.00	0.00	0.00	71.90	156.80	151.10	900	HARPSN	HN3.7
2457301.478409	-17429.74	1.01	7617.62	30.608	60.93	0.95	0.00	0.00	0.00	0.00	0.00	72.40	162.00	166.20	900	HARPSN	HN3.7
2457302.478875	-17426.17	1.19	7611.52	30.638	64.32	1.14	0.00	0.00	0.00	0.00	0.00	59.60	135.70	137.60	900	HARPSN	HN3.7
2457321.447027	-17428.88	1.78	7629.16	30.632	56.20	1.75	0.00	0.00	0.00	0.00	0.00	38.00	86.60	89.50	900	HARPSN	HN3.7
2457322.452530	-17418.39	0.85	7602.48	31.026	57.65	0.77	0.00	0.00	0.00	0.00	0.00	88.40	179.40	161.40	900	HARPSN	HN3.7
2457325.304777	-17415.57	1.05	7619.37	30.914	59.64	0.99	0.00	0.00	0.00	0.00	0.00	66.60	141.00	128.00	900	HARPSN	HN3.7
2457330.332406	-17419.76	1.04	7608.57	31.014	66.62	0.98	0.00	0.00	0.00	0.00	0.00	69.60	141.30	130.50	900	HARPSN	HN3.7
2457331.332764	-17417.70	1.06	7616.77	30.844	58.28	0.99	0.00	0.00	0.00	0.00	0.00	68.30	144.50	140.70	900	HARPSN	HN3.7
2457332.331015	-17421.81	1.16	7611.83	30.911	60.90	1.10	0.00	0.00	0.00	0.00	0.00	61.10	129.50	123.30	900	HARPSN	HN3.7
2457336.333399	-17421.09	1.04	7608.36	30.872	59.25	0.97	0.00	0.00	0.00	0.00	0.00	69.50	147.50	141.20	900	HARPSN	HN3.7
2457352.322688	-17426.39	5.86	7574.24	30.519	59.20	5.85	0.00	0.00	0.00	0.00	0.00	11.20	29.40	29.30	900	HARPSN	HN3.7
2457353.336997	-17416.40	2.91	7604.38	30.816	60.04	2.89	0.00	0.00	0.00	0.00	0.00	23.00	52.30	50.80	900	HARPSN	HN3.7
2457354.334583	-17428.53	3.67	7601.83	30.801	62.94	3.66	0.00	0.00	0.00	0.00	0.00	18.20	42.70	41.60	900	HARPSN	HN3.7
2457354.355426	-17416.87	1.24	7601.44	31.110	64.36	1.18	0.00	0.00	0.00	0.00	0.00	57.60	112.30	100.50	1800	HARPSN	HN3.7
2457356.296356	-17418.88	1.42	7616.55	30.834	68.30	1.38	0.00	0.00	0.00	0.00	0.00	48.50	105.30	101.70	900	HARPSN	HN3.7
2457379.303700	-17425.41	3.82	7631.35	30.575	61.18	3.80	0.00	0.00	0.00	0.00	0.00	17.50	42.80	43.50	900	HARPSN	HN3.7
2457380.301634	-17425.42	1.29	7623.07	30.722	57.97	1.24	0.00	0.00	0.00	0.00	0.00	54.20	119.40	118.50	900	HARPSN	HN3.7
2457381.299673	-17427.61	1.74	7622.93	30.746	53.29	1.70	0.00	0.00	0.00	0.00	0.00	39.20	86.70	84.70	900	HARPSN	HN3.7
2457382.298314	-17424.36	1.11	7619.37	30.727	61.20	1.05	0.00	0.00	0.00	0.00	0.00	64.40	141.20	139.20	900	HARPSN	HN3.7
2457384.300901	-17421.92	1.62	7618.83	30.885	57.48	1.58	0.00	0.00	0.00	0.00	0.00	42.50	91.00	85.80	900	HARPSN	HN3.7
2457559.718567	-17426.12	1.17	7611.90	30.540	57.85	1.11	0.00	0.00	0.00	0.00	0.00	64.10	139.00	149.90	900	HARPSN	HN3.7
2457560.700214	-17425.59	1.15	7611.97	30.657	58.86	1.10	0.00	0.00	0.00	0.00	0.00	65.20	138.20	144.10	900	HARPSN	HN3.7
2457562.711796	-17424.87	1.26	7611.93	30.679	57.05	1.21	0.00	0.00	0.00	0.00	0.00	59.20	125.80	129.90	900	HARPSN	HN3.7
2457563.704182	-17428.45	1.35	7610.56	30.795	57.20	1.30	0.00	0.00	0.00	0.00	0.00	54.80	113.80	112.10	900	HARPSN	HN3.7
2457564.718247	-17426.84	1.27	7609.95	30.728	59.50	1.18	0.00	0.00	0.00	0.00	0.00	61.20	126.50	125.80	900	HARPSN	HN3.7
2457565.707657	-17425.63	1.35	7606.82	30.697	53.85	1.31	0.00	0.00	0.00	0.00	0.00	54.90	116.70	120.30	900	HARPSN	HN3.7
2457566.718363	-17418.42	1.05	7606.31	31.126	58.68	0.99	0.00	0.00	0.00	0.00	0.00	73.80	138.70	124.20	900	HARPSN	HN3.7
2457573.704804	-17419.57	1.20	7602.35	30.939	57.68	1.15	0.00	0.00	0.00	0.00	0.00	62.20	125.80	120.90	900	HARPSN	HN3.8
2457574.682363	-17421.29	1.13	7606.96	30.799	60.44	1.08	0.00	0.00	0.00	0.00	0.00	66.30	137.70	137.90	900	HARPSN	HN3.8
2457574.735978	-17425.34	0.96	7620.75	30.611	56.76	0.90	0.00	0.00	0.00	0.00	0.00	80.00	169.60	174.50	900	HARPSN	HN3.8
2457576.667725	-17422.97	0.96	7614.61	30.799	57.78	0.89	0.00	0.00	0.00	0.00	0.00	81.20	166.10	165.10	900	HARPSN	HN3.8
2457576.734639	-17421.84	1.06	7609.65	30.706	57.68	1.00	0.00	0.00	0.00	0.00	0.00	71.90	149.60	152.10	900	HARPSN	HN3.8
2457578.654482	-17418.35	3.39	7615.93	30.802	64.80	3.37	0.00	0.00	0.00	0.00	0.00	21.30	47.30	48.60	1800	HARPSN	HN3.8
2457579.649491	-17430.35	2.59	7605.58	30.778	62.51	2.56	0.00	0.00	0.00	0.00	0.00	27.60	60.40	61.90	900	HARPSN	HN3.8
2457579.731765	-17424.21	2.76	7605.97	30.723	69.10	2.74	0.00	0.00	0.00	0.00	0.00	26.00	57.10	58.80	900	HARPSN	HN3.8
2457580.632588	-17422.83	5.43	7612.94	30.826	84.62	5.42	0.00	0.00	0.00	0.00	0.00	13.30	31.80	32.90	900	HARPSN	HN3.8
2457616.542111	-17412.14	1.98	7600.58	30.978	66.37	1.95	0.15	0.00	0.00	0.00	0.00	36.70	74.40	71.00	900	HARPSN	HN3.8
2457616.617193	-17417.21	1.54	7601.12	30.961	57.61	1.50	0.15	0.00	0.00	0.00	0.00	47.80	96.00	91.70	900	HARPSN	HN3.8
2457617.550156	-17421.20	1.00	7607.11	30.904	59.35	0.94	0.15	0.00	0.00	0.00	0.00	76.10	153.10	145.40	900	HARPSN	HN3.8
2457617.621210	-17420.12	0.86	7606.07	31.099	59.51	0.79	0.15	0.00	0.00	0.00	0.00	92.70	176.50	156.90	900	HARPSN	HN3.8
2457618.547747	-17418.87	1.19	7599.73	30.832	64.95	1.14	0.15	0.00	0.00	0.00	0.00	63.00	128.80	125.80	900	HARPSN	HN3.8
2457618.620236	-17420.24	0.93	7603.07	30.960	59.38	0.86	0.15	0.00	0.00	0.00	0.00	84.60	167.40	158.30	900	HARPSN	HN3.8
2457651.428695	-17422.13	0.92	7610.28	30.916	61.28	0.85	0.15	0.00	0.00	0.00	0.00	84.40	170.90	162.30	900	HARPSN	HN3.8
2457651.524651	-17423.02	1.01	7610.01	30.850	60.47	0.95	0.15	0.00	0.00	0.00	0.00	75.20	155.90	152.60	900	HARPSN	HN3.8
2457652.427806	-17420.24	0.94	7607.65	30.927	59.83	0.87	0.15	0.00	0.00	0.00	0.00	82.80	167.50	160.90	900	HARPSN	HN3.8
2457652.525984	-17421.75	0.93	7612.78	30.752	60.09	0.87	0.15	0.00	0.00	0.00	0.00	82.90	174.90	177.80	900	HARPSN	HN3.8
2457653.432424	-17421.04	1.25	7599.69	31.043	61.33	1.20	0.15	0.00	0.00	0.00	0.00	59.50	118.00	110.50	900	HARPSN	HN3.8
2457653.528750	-17421.62	1.02	7608.95	31.043	59.84	0.96	0.15	0.00	0.00	0.00	0.00	75.60	147.60	136.20	900	HARPSN	HN3.8
2457654.432284	-17419.80	1.24	7610.21	30.913	62.20	1.19	0.15	0.00	0.00	0.00	0.00	59.90	122.60	118.50	900	HARPSN	HN3.8
2457654.530670	-17420.84	1.18	7607.73	30.796	57.12	1.13	0.15	0.00	0.00	0.00	0.00	63.10	131.70	133.20	900	HARPSN	HN3.8
2457655.509685	-17421.01	2.50	7598.19	30.844	59.19	2.47	0.14	0.00	0.00	0.00	0.00	28.60	62.00	62.70	900	HARPSN	HN3.8
2457656.435692	-17417.71	1.47	7613.13	30.902	58.65	1.43	0.15	0.00	0.00	0.00	0.00	49.80	102.20	99.60	900	HARPSN	HN3.8
2457656.513882	-17420.90	2.04	7621.36	30.846	61.84	2.01	0.15	0.00	0.00	0.00	0.00	35.30	75.20	75.80	900	HARPSN	HN3.8
2457657.430941	-17421.53	1.84	7614.39	30.862	68.24	1.81	0.15	0.00	0.00	0.00	0.00	39.20	82.20	81.90	1200	HARPSN	HN3.8
2457657.527904	-17417.57	2.38	7603.36	30.833	54.91	2.36	0.14	0.00	0.00	0.00	0.00	29.90	65.00	65.90	900	HARPSN	HN3.8
2457658.452820	-17423.68	1.81	7617.02	30.445	61.00	1.78	0.15	0.00	0.00	0.00	0.00	39.90	89.90	102.00	900	HARPSN	HN3.8
2457658.528093	-17423.22	1.53	7610.99	30.449	54.36	1.49	0.15	0.00	0.00	0.00	0.00	47.40	106.70	119.50	900	HARPSN	HN3.8
2457659.499383	-17420.47	0.94	7603.27	31.138	58.95	0.87	0.15	0.00	0.00	0.00	0.00	83.50	157.80	140.00	900	HARPSN	HN3.8
2457661.418487	-17417.11	0.93	7603.66	31.028	60.06	0.87	0.15	0.00	0.00	0.00	0.00	83.10	163.10	151.20	900	HARPSN	HN3.8
2457661.508759	-17419.64	1.18	7608.17	30.859	59.12	1.13	0.15	0.00	0.00	0.00	0.00	63.20	131.20	129.80	900	HARPSN	HN3.8
2457669.425941	-17425.30	1.18	7604.04	30.972	59.08	1.13	0.15	0.00	0.00	0.00	0.00	63.10	127.80	122.30	900	HARPSN	HN3.8
2457669.529256	-17429.52	1.47	7621.24	30.658	58.04	1.43	0.15	0.00	0.00	0.00	0.00	48.80	108.20	112.90	900	HARPSN	HN3.8
2457670.426405	-17415.20	1.39	7608.98	31.240	59.02	1.34	0.15	0.00	0.00	0.00	0.00	54.00	98.80	86.40	900	HARPSN	HN3.8
2457670.511618	-17421.06	1.05	7606.50	31.105	58.11	0.99	0.15	0.00	0.00	0.00	0.00	71.80	138.80	125.60	900	HARPSN	HN3.8
2457671.419182	-17420.37	0.92	7602.12	31.088	57.96	0.86	0.15	0.00	0.00	0.00	0.00	84.00	162.20	148.20	900	HARPSN	HN3.8
2457671.506236	-17423.02	0.88	7610.45	30.985	57.82	0.81	0.15	0.00	0.00	0.00	0.00	88.70	177.40	165.00	900	HARPSN	HN3.8
2457672.422952	-17418.24	0.90	7606.60	30.912	60.34	0.83	0.15	0.00	0.00	0.00	0.00	86.20	176.00	170.40	900	HARPSN	HN3.8
2457672.508652	-17416.55	0.78	7607.27	31.110	59.01	0.70	0.15	0.00	0.00	0.00	0.00	103.30	198.10	175.00	900	HARPSN	HN3.8
2457673.416804	-17418.95	1.08	7615.96	30.955	58.15	1.02	0.15	0.00	0.00	0.00	0.00	70.50	140.50	134.80	900	HARPSN	HN3.8
2457673.508024	-17417.86	1.08	7616.44	30.791	56.59	1.02	0.15	0.00	0.00	0.00	0.00	69.30	145.30	146.80	900	HARPSN	HN3.8

